READ TERR 1 2
! WTSLEW
68.6680935894353	0.357081462356774	-0.740525587791225	2.55586072686189e-08	3.19301688325251e-09	-3.69943119503281e-09
69.4770893078171	0.514153713774121	-0.451914256024978	3.86701721099075e-08	3.83915338561623e-09	-3.93697515714775e-09
70.4335859815081	0.443696058714124	-0.442342959916871	4.27563157867851e-08	4.29399651702581e-09	-4.500708305339e-09
! WT
206.187	0.424	-0.67	3.56811336e-09	4.37815062e-10	-4.36127292e-10
206.8653	0.2819	-0.2536	4.65618636e-09	5.84599752e-10	-5.84675334e-10
207.4518	0.2967	-0.3046	4.1894487e-09	5.18844438e-10	-5.18915916e-10
208.0166	0.3297	-0.2681	4.25764008e-09	5.20158744e-10	-5.2022817e-10
208.6361	0.2867	-0.2898	4.37039064e-09	5.4125262e-10	-5.41320678e-10
209.2348	0.3107	-0.312	4.08714966e-09	4.9933026e-10	-4.99398318e-10
209.8470	0.3674	-0.3016	3.72741354e-09	4.6798938e-10	-4.68050598e-10
210.5066	0.3287	-0.2922	4.05732726e-09	5.02481106e-10	-5.02544376e-10
211.1845	0.3714	-0.3491	3.5321076e-09	4.31519868e-10	-4.31579376e-10
211.9046	0.3523	-0.3487	3.63071646e-09	4.43567844e-10	-4.4363214e-10
212.5563	0.2165	-0.2995	3.26306646e-09	4.96408554e-10	-4.96453356e-10
213.1217	0.3556	-0.3489	3.53916306e-09	4.44353076e-10	-4.44406428e-10
213.7939	0.4182	-0.3166	3.4636905e-09	4.23160704e-10	-4.23210294e-10
214.5141	0.3296	-0.302	4.02962526e-09	4.92301818e-10	-4.92368166e-10
215.1840	0.4016	-0.3403	3.379324914e-09	4.15970496e-10	-4.16028636e-10
215.9360	0.3808	-0.3504	3.34137591e-09	4.20308766e-10	-4.20361776e-10
216.5640	0.2777	-0.2472	3.257983314e-09	4.85674542e-10	-4.85717292e-10
217.2061	0.3544	-0.3644	3.54255912e-09	4.32797238e-10	-4.32856746e-10
217.8148	0.2598	-0.2544	3.349854432e-09	5.0381901e-10	-5.03870652e-10
218.4489	0.3800	-0.3743	2.267101926e-09	3.379622796e-10	-3.379964796e-10
219.1199	0.2321	-0.2909	3.22028739e-09	4.89900636e-10	-4.8994407e-10
219.6812	0.2882	-0.3292	3.220896834e-09	4.5011475e-10	-4.50162972e-10
220.2736	0.2598	-0.3042	3.032338212e-09	4.52037816e-10	-4.52082276e-10
220.8192	0.3191	-0.2858	3.307348278e-09	4.65613506e-10	-4.65668226e-10
221.4227	0.2831	-0.2844	3.41516754e-09	4.7822373e-10	-4.78280844e-10
221.9953	0.2762	-0.2896	3.022826508e-09	4.50620226e-10	-4.50668448e-10
222.5639	0.3196	-0.2924	2.752170786e-09	4.18687002e-10	-4.18730778e-10
223.1624	0.2602	-0.2789	3.124571508e-09	4.75339986e-10	-4.7539026e-10
223.7752	0.3235	-0.3525	2.529605394e-09	3.7709433e-10	-3.77134002e-10
224.4572	0.3940	-0.3585	3.298653954e-09	4.11691734e-10	-4.11747822e-10
225.1562	0.2876	-0.3049	2.886635952e-09	4.30317738e-10	-4.30362882e-10
225.7696	0.3235	-0.3259	2.633565186e-09	3.9259206e-10	-3.92633442e-10
226.4610	0.3954	-0.3679	2.206866492e-09	3.357295668e-10	-3.357613728e-10
227.1743	0.3297	-0.3179	2.641586112e-09	3.93787692e-10	-3.93829416e-10
227.8507	0.3418	-0.3468	2.485444986e-09	3.70511514e-10	-3.70551186e-10
228.5211	0.2940	-0.3286	2.706754896e-09	4.11777576e-10	-4.11818616e-10
229.1992	0.3098	-0.3841	2.466369252e-09	3.67667442e-10	-3.6770301e-10
229.7635	0.2775	-0.2545	3.119923728e-09	4.8445497e-10	-4.84498746e-10
230.3052	0.2482	-0.2642	3.414089898e-09	5.03383986e-10	-5.0343597e-10
230.7997	0.3016	-0.2464	3.19234428e-09	4.70689812e-10	-4.70742822e-10
231.4392	0.3453	-0.3379	2.391470568e-09	3.79100844e-10	-3.79139832e-10
232.0889	0.2881	-0.3044	2.844905112e-09	4.32794502e-10	-4.32840672e-10
232.6941	0.3536	-0.3171	2.512870992e-09	3.82282128e-10	-3.82322142e-10
233.3733	0.2989	-0.3256	2.740358448e-09	4.08512502e-10	-4.08559356e-10
234.0246	0.2738	-0.3525	2.60888031e-09	4.13564868e-10	-4.13604882e-10
234.6501	0.3066	-0.3517	2.59963776e-09	3.87534564e-10	-3.87576288e-10
235.2695	0.2814	-0.3128	2.879842122e-09	4.29305076e-10	-4.2935022e-10
235.9878	0.3229	-0.4368	2.21864805e-09	3.375223308e-10	-3.375581724e-10
236.6229	0.3104	-0.3123	2.748239838e-09	4.09687272e-10	-4.09733442e-10
237.3697	0.4194	-0.4363	1.969549614e-09	2.996271234e-10	-2.996594766e-10
238.1732	0.4271	-0.3842	2.107332522e-09	3.141452286e-10	-3.14178471e-10
239.0157	0.4280	-0.4153	1.996627464e-09	3.03746274e-10	-3.037771566e-10
239.7354	0.3914	-0.2918	2.502344574e-09	3.73030344e-10	-3.7306728e-10
240.597	0.547	-0.47	1.679929992e-09	2.504311074e-10	-2.504560392e-10
241.4873	0.3671	-0.3427	2.408274738e-09	3.5900766e-10	-3.59045964e-10
242.3071	0.3764	-0.4527	2.030923566e-09	3.08963655e-10	-3.089949822e-10
242.9885	0.2447	-0.3051	3.062854872e-09	4.65950718e-10	-4.65995178e-10
243.6903	0.4271	-0.4571	1.933403634e-09	2.882170458e-10	-2.882455686e-10
244.4816	0.3563	-0.3642	2.336793318e-09	3.5549532e-10	-3.5552781e-10
245.2804	0.3617	-0.4424	2.125886364e-09	3.169107774e-10	-3.16941147e-10
246.0457	0.3739	-0.4035	2.198857194e-09	3.277884636e-10	-3.278173626e-10
246.8998	0.4058	-0.4802	1.92952125e-09	2.876379372e-10	-2.876629374e-10
247.7191	0.4726	-0.4134	1.92951954e-09	2.876376636e-10	-2.87662527e-10
248.6476	0.5012	-0.456	1.785330288e-09	2.661429978e-10	-2.661655698e-10
249.4781	0.2578	-0.3293	2.86599591e-09	4.3600212e-10	-4.36038372e-10
250.2308	0.4534	-0.4949	1.801664208e-09	2.685780036e-10	-2.686017726e-10
251.0691	0.3872	-0.3849	2.212644924e-09	3.298439862e-10	-3.298747662e-10
251.9850	0.4017	-0.5287	1.752978456e-09	2.778852942e-10	-2.779094052e-10
252.8447	0.5206	-0.4579	1.719598914e-09	2.61601614e-10	-2.616250068e-10
253.7836	0.3040	-0.4183	2.329505298e-09	3.54385872e-10	-3.54413916e-10
254.673	0.617	-0.585	1.420516494e-09	2.117594574e-10	-2.117775492e-10
255.6757	0.4082	-0.3853	2.12057784e-09	3.226020678e-10	-3.226278204e-10
256.864	0.553	-0.78	1.282088916e-09	1.911235878e-10	-1.911385332e-10
257.8782	0.4722	-0.4619	1.829083716e-09	2.726652798e-10	-2.726867574e-10
258.961	0.574	-0.611	1.442126448e-09	2.149807554e-10	-2.14998129e-10
260.160	0.505	-0.624	1.490348448e-09	2.267257536e-10	-2.267446662e-10
261.184	0.527	-0.519	1.63413927e-09	2.436046506e-10	-2.436256836e-10
262.1062	0.4856	-0.395	1.941218676e-09	2.893818636e-10	-2.894088132e-10
263.144	0.588	-0.552	1.499000022e-09	2.23459551e-10	-2.23482465e-10
264.395	0.504	-0.663	1.464763428e-09	2.183557824e-10	-2.183781492e-10
265.480	0.544	-0.581	1.497422718e-09	2.278020276e-10	-2.278213848e-10
266.600	0.591	-0.576	1.464740856e-09	2.183520888e-10	-2.183708988e-10
267.680	0.541	-0.489	1.634492556e-09	2.486544516e-10	-2.486768868e-10
268.726	0.544	-0.505	1.62860229e-09	2.427793362e-10	-2.428012242e-10
269.791	0.499	-0.52	1.651308354e-09	2.512124406e-10	-2.512329264e-10
270.792	0.535	-0.502	1.647423918e-09	2.455850358e-10	-2.45606103e-10
271.859	0.751	-0.531	1.332114624e-09	1.985813424e-10	-1.985999814e-10
273.101	0.537	-0.491	1.661693526e-09	2.47712481e-10	-2.477358738e-10
274.293	0.554	-0.654	1.414521576e-09	2.108660166e-10	-2.10886605e-10
275.469	0.491	-0.622	1.534241754e-09	2.287127736e-10	-2.287329516e-10
276.517	0.594	-0.557	1.46208078e-09	2.224254798e-10	-2.22444666e-10
277.761	0.680	-0.65	1.266345972e-09	1.926485658e-10	-1.926659736e-10
279.256	0.602	-0.815	1.186895952e-09	1.805619438e-10	-1.8057942e-10
280.433	0.596	-0.575	1.437719436e-09	2.187194994e-10	-2.187393012e-10
281.674	0.617	-0.645	1.35489285e-09	2.019768894e-10	-2.019955284e-10
282.994	0.486	-0.704	1.435917438e-09	2.140553718e-10	-2.140744896e-10
284.296	0.647	-0.816	1.168658118e-09	1.742143896e-10	-1.742296428e-10
285.681	0.735	-0.738	1.142662014e-09	1.738324782e-10	-1.738472868e-10
287.097	0.676	-0.681	1.221008058e-09	1.895953266e-10	-1.896103746e-10
288.244	0.566	-0.47	1.625642622e-09	2.473079634e-10	-2.473287228e-10
289.604	0.615	-0.795	1.211371182e-09	1.805816772e-10	-1.80596862e-10
291.000	0.672	-0.78	1.124066106e-09	1.7818884e-10	-1.78202862e-10
292.242	0.503	-0.57	1.593418014e-09	2.3753439e-10	-2.375560728e-10
293.545	0.984	-0.801	9.57967992e-10	1.428064092e-10	-1.428196788e-10
295.432	0.871	-0.903	9.63722484e-10	1.436643504e-10	-1.436780304e-10
297.188	0.739	-0.885	1.036521972e-09	1.576856322e-10	-1.577009538e-10
298.775	0.684	-0.848	1.115948052e-09	1.663570764e-10	-1.663742106e-10
300.513	1.112	-1.055	7.65053316e-10	1.187958888e-10	-1.188070722e-10
302.277	0.902	-0.651	1.083874266e-09	1.648892466e-10	-1.64904363e-10
303.891	0.541	-0.711	1.34404974e-09	2.044695564e-10	-2.044878534e-10
305.072	0.502	-0.64	1.496382354e-09	2.23069158e-10	-2.230908066e-10
306.405	0.768	-0.832	1.068607044e-09	1.592997012e-10	-1.593150912e-10
307.774	0.846	-0.6	1.181656854e-09	1.761522984e-10	-1.761692958e-10
309.666	0.874	-1.046	8.90339886e-10	1.327250358e-10	-1.327378266e-10
311.586	1.231	-1.046	7.39224792e-10	1.12457808e-10	-1.12467384e-10
313.824	0.722	-1.008	9.88498674e-10	1.47357711e-10	-1.473712542e-10
315.623	1.163	-1.077	7.63156926e-10	1.137655818e-10	-1.137767652e-10
317.757	1.021	-0.972	8.57876562e-10	1.278855648e-10	-1.278971928e-10
319.594	1.010	-0.816	9.22333644e-10	1.40314221e-10	-1.403277642e-10
321.507	0.881	-0.903	9.57938238e-10	1.428020316e-10	-1.428155748e-10
323.189	0.711	-0.801	1.130025456e-09	1.684555884e-10	-1.6847262e-10
324.767	0.774	-0.867	1.041485076e-09	1.552566798e-10	-1.552724802e-10
326.626	0.922	-1.085	8.51269122e-10	1.269006732e-10	-1.269129852e-10
328.389	0.824	-0.841	1.025898084e-09	1.529328582e-10	-1.529462646e-10
330.614	1.122	-1.401	6.7717368e-10	1.00947798e-10	-1.009571004e-10
332.830	1.024	-1.095	8.06241402e-10	1.201882734e-10	-1.202002092e-10
335.012	0.812	-1.158	8.93465766e-10	1.331911476e-10	-1.332051696e-10
336.903	1.138	-1.079	7.82338338e-10	1.190167866e-10	-1.190284146e-10
338.915	0.845	-0.874	1.024558812e-09	1.527334038e-10	-1.527484518e-10
340.728	1.049	-0.969	8.59589298e-10	1.30769001e-10	-1.30782339e-10
342.492	0.646	-0.715	1.254702924e-09	1.948278582e-10	-1.948478652e-10
344.107	1.194	-0.969	7.9639146e-10	1.211547312e-10	-1.211668722e-10
346.203	1.060	-0.901	8.58518838e-10	1.306059696e-10	-1.306172898e-10
348.470	0.957	-1.208	7.89295302e-10	1.176621246e-10	-1.176740604e-10
350.356	1.180	-0.928	7.98385662e-10	1.214579484e-10	-1.214685846e-10
352.484	1.103	-0.948	8.3310687e-10	1.24193196e-10	-1.24205166e-10
354.817	1.558	-1.23	6.12935478e-10	9.1371627e-11	-9.13797324e-11
357.548	1.036	-1.174	7.61392206e-10	1.15830099e-10	-1.15839504e-10
359.966	0.959	-1.381	7.30127592e-10	1.08841671e-10	-1.088509392e-10
362.097	1.398	-1.173	6.5441529e-10	9.95558238e-11	-9.95641002e-11
364.546	1.047	-1.051	8.1435672e-10	1.2139803e-10	-1.214095212e-10
367.034	1.370	-1.441	6.07968612e-10	9.06312654e-11	-9.06400548e-11
369.714	1.417	-1.31	6.17199534e-10	9.38941848e-11	-9.39022218e-11
372.213	1.578	-1.082	6.4257867e-10	9.57906432e-11	-9.57994326e-11
374.782	1.206	-0.991	7.7785848e-10	1.159570836e-10	-1.15967412e-10
377.265	1.587	-1.278	5.87723238e-10	8.9409915e-11	-8.94170286e-11
380.012	1.119	-1.16	7.38679986e-10	1.123749072e-10	-1.123842096e-10
382.433	1.344	-1.302	6.60459456e-10	9.73801908e-11	-9.73896984e-11
385.416	1.544	-1.639	5.37029604e-10	8.00562492e-11	-8.00641152e-11
388.406	1.078	-1.446	6.7658031e-10	1.00859391e-10	-1.00868967e-10
390.831	1.155	-1.347	6.82764012e-10	1.01781081e-10	-1.017898704e-10
393.413	1.809	-1.427	5.27743962e-10	7.86718674e-11	-7.86782286e-11
396.388	1.065	-1.166	7.65530064e-10	1.14119244e-10	-1.141295382e-10
399.269	1.513	-1.816	5.03284806e-10	7.97816232e-11	-7.97887368e-11
401.846	1.473	-1.064	6.9449085e-10	1.035294534e-10	-1.035405342e-10
404.797	1.116	-1.478	6.68994066e-10	1.017737964e-10	-1.017839196e-10
407.199	0.997	-1.286	7.71894e-10	1.150680204e-10	-1.150788276e-10
409.721	1.538	-1.526	5.51128212e-10	8.3842839e-11	-8.3850363e-11
412.738	1.153	-1.479	6.49737414e-10	9.68579226e-11	-9.68676696e-11
415.059	1.342	-1.168	6.70778964e-10	1.020453102e-10	-1.020553992e-10
418.026	1.508	-1.625	5.45685966e-10	8.1346752e-11	-8.13551994e-11
421.158	1.117	-1.624	6.14105802e-10	9.34236954e-11	-9.34329294e-11
423.625	1.369	-1.35	6.28814196e-10	9.37388142e-11	-9.3748356e-11
426.249	1.474	-1.255	6.26361714e-10	9.3373182e-11	-9.33823818e-11
429.185	1.547	-1.462	5.59612548e-10	8.51336154e-11	-8.51414814e-11
432.160	1.616	-1.428	5.53012632e-10	8.41295376e-11	-8.41372668e-11
434.990	1.079	-1.214	7.34066406e-10	1.116731232e-10	-1.116829728e-10
437.531	1.306	-1.462	6.17418756e-10	9.20399634e-11	-9.2047932e-11
440.187	1.764	-1.349	5.48978742e-10	8.18374194e-11	-8.18443278e-11
443.551	1.175	-1.601	6.15831876e-10	9.1803402e-11	-9.18111996e-11
446.565	1.874	-1.839	4.53381192e-10	6.89726106e-11	-6.89785956e-11
449.795	1.542	-1.356	5.80850406e-10	8.83644894e-11	-8.83723554e-11
452.917	1.982	-1.58	4.72574916e-10	7.18925382e-11	-7.18988652e-11
456.427	1.910	-1.527	4.97196864e-10	7.411824e-11	-7.41250458e-11
459.839	1.319	-1.503	5.87394918e-10	9.1209348e-11	-9.12167694e-11
463.349	1.961	-2.191	4.11495426e-10	6.1342488e-11	-6.13474812e-11
467.294	2.114	-1.983	4.1072319e-10	6.24830238e-11	-6.24881196e-11
471.032	1.459	-1.624	5.45820714e-10	8.30353428e-11	-8.30420118e-11
474.162	1.766	-1.671	4.97162322e-10	7.41130416e-11	-7.4119266e-11
478.033	1.981	-2.104	4.18349106e-10	6.23641788e-11	-6.23697192e-11
480.901	1.048	-0.888	8.82834354e-10	1.316059776e-10	-1.316168874e-10
483.305	1.535	-1.356	5.64319152e-10	8.94567348e-11	-8.9462925e-11
486.947	2.413	-2.107	3.72282732e-10	5.66351316e-11	-5.66396118e-11
491.426	1.487	-2.066	4.73695308e-10	7.2062991e-11	-7.20690444e-11
494.601	1.619	-1.687	5.11446978e-10	7.94163672e-11	-7.9423173e-11
498.236	1.673	-2.017	4.77106758e-10	7.11234144e-11	-7.11306306e-11
501.379	1.181	-1.47	6.64103808e-10	9.89995266e-11	-9.9009513e-11
503.987	2.179	-1.427	4.88183796e-10	7.27747272e-11	-7.27820118e-11
508.339	1.816	-2.173	4.41424872e-10	6.58042542e-11	-6.58109232e-11
511.866	1.586	-1.711	5.34088062e-10	7.96178052e-11	-7.96262526e-11
514.977	1.307	-1.525	6.2166366e-10	9.26730396e-11	-9.26836416e-11
517.919	1.653	-1.635	5.35569948e-10	7.98389082e-11	-7.98487578e-11
521.524	2.010	-1.952	4.44425238e-10	6.62516244e-11	-6.62592168e-11
525.446	2.203	-1.912	4.27841658e-10	6.3779409e-11	-6.37861464e-11
529.330	1.869	-1.68	3.23110314e-10	6.08200488e-11	-6.08238792e-11
533.193	1.872	-1.994	4.55268348e-10	6.78679164e-11	-6.78744486e-11
536.957	1.809	-1.892	4.67278704e-10	6.96582522e-11	-6.96642714e-11
540.912	1.940	-2.147	4.18100472e-10	6.2327106e-11	-6.23324412e-11
544.866	2.148	-2.014	4.04396874e-10	6.15206016e-11	-6.15256974e-11
548.406	1.658	-1.393	5.51425752e-10	8.38880172e-11	-8.3894652e-11
552.133	1.767	-2.069	4.45332222e-10	6.63866118e-11	-6.63920496e-11
555.816	1.417	-1.916	4.97150694e-10	7.71963768e-11	-7.7201883e-11
559.358	1.927	-2.126	3.96040788e-10	6.41053692e-11	-6.4109439e-11
563.220	2.120	-1.935	4.14937314e-10	6.31241028e-11	-6.31288224e-11
567.361	1.852	-2.021	4.41040806e-10	6.57468324e-11	-6.57515178e-11
570.808	2.551	-1.595	3.264029874e-10	5.63949792e-11	-5.63981256e-11
575.607	1.660	-2.249	4.23861804e-10	6.58163268e-11	-6.58219356e-11
578.969	1.447	-1.702	5.34369528e-10	8.12934e-11	-8.13013686e-11
582.169	1.468	-1.752	5.30657118e-10	7.91062416e-11	-7.9113663e-11
585.690	1.779	-2.054	4.39183746e-10	6.68127438e-11	-6.68182158e-11
589.355	1.432	-1.886	5.15013354e-10	7.67741436e-11	-7.67805048e-11
592.500	1.923	-1.713	4.6992168e-10	7.00522704e-11	-7.00583922e-11
596.394	1.821	-1.97	4.43937888e-10	6.75360054e-11	-6.75417168e-11
600.406	1.541	-2.191	4.50869886e-10	6.85905624e-11	-6.85963764e-11
604.219	2.218	-2.272	3.7469007e-10	5.70013452e-11	-5.70061332e-11
608.372	1.843	-1.934	4.45464918e-10	6.77682576e-11	-6.77735928e-11
612.384	2.195	-2.17	3.85656984e-10	5.86696896e-11	-5.86739304e-11
616.554	1.845	-1.975	4.4069094e-10	6.70420206e-11	-6.7047561e-11
620.005	2.029	-1.606	4.7021751e-10	7.00963542e-11	-7.01026128e-11
624.311	2.026	-2.277	3.73059756e-10	6.0385572e-11	-6.03898128e-11
627.814	1.690	-1.477	5.39546724e-10	8.0431389e-11	-8.0438229e-11
631.512	1.645	-2.007	3.118897044e-10	5.69432394e-11	-5.69464542e-11
635.298	2.127	-2.142	3.88416582e-10	6.03124524e-11	-6.0317514e-11
639.428	1.987	-2.004	4.28357394e-10	6.38562222e-11	-6.3862344e-11
643.435	1.780	-2.02	4.43023722e-10	6.73969482e-11	-6.7402557e-11
647.122	2.730	-1.906	3.57552108e-10	5.55199038e-11	-5.55246918e-11
651.467	1.624	-1.615	5.27607162e-10	7.86515868e-11	-7.86590766e-11
655.323	2.425	-2.231	3.5040465e-10	5.55467166e-11	-5.5551231e-11
660.306	1.991	-2.558	3.69936612e-10	5.62782204e-11	-5.62829058e-11
664.789	2.422	-2.492	3.266177976e-10	5.28682068e-11	-5.28717636e-11
669.113	1.820	-1.902	4.44947472e-10	6.90903612e-11	-6.90953202e-11
673.247	1.710	-2.314	4.24316664e-10	6.32537892e-11	-6.3259398e-11
676.841	2.077	-1.883	3.354955704e-10	5.6709414e-11	-5.6713347e-11
680.879	1.716	-1.961	3.027043368e-10	5.69789442e-11	-5.69820564e-11
684.979	1.913	-2.384	3.8563407e-10	5.98804038e-11	-5.98852602e-11
689.225	2.009	-2.333	3.93423804e-10	5.86485882e-11	-5.86539576e-11
693.851	1.780	-2.617	3.82784868e-10	5.82327846e-11	-5.82376752e-11
697.520	1.523	-1.89	4.85373924e-10	7.53677712e-11	-7.53740982e-11
700.934	1.706	-1.891	3.092864688e-10	5.82178734e-11	-5.82208488e-11
704.847	1.868	-2.207	4.12795026e-10	6.27981768e-11	-6.28025544e-11
709.051	2.199	-2.336	3.59585298e-10	5.7001995e-11	-5.70058938e-11
713.447	1.991	-2.197	4.01714568e-10	6.11125272e-11	-6.1117281e-11
717.765	2.373	-2.328	3.52434078e-10	5.472513e-11	-5.47293024e-11
722.656	1.862	-2.518	3.78187362e-10	5.87240334e-11	-5.87283426e-11
726.842	2.482	-2.323	3.396548718e-10	5.17971654e-11	-5.18010642e-11
731.268	2.247	-1.945	2.716892802e-10	4.96036458e-11	-4.96062792e-11
735.257	1.610	-1.742	5.096313e-10	7.59718116e-11	-7.59780702e-11
738.813	2.025	-1.946	2.803326804e-10	5.2767864e-11	-5.27707026e-11
742.855	1.730	-2.016	4.49266248e-10	6.83466138e-11	-6.8352633e-11
746.972	2.120	-2.387	3.73533768e-10	5.68254204e-11	-5.68298322e-11
750.744	1.728	-1.652	3.294171702e-10	6.2007165e-11	-6.20103798e-11
754.806	2.429	-2.334	3.53400912e-10	5.37627078e-11	-5.37673932e-11
758.920	1.697	-1.685	3.368564226e-10	6.15015522e-11	-6.15053142e-11
762.466	1.785	-1.849	3.134409138e-10	5.72264838e-11	-5.72301432e-11
766.657	2.247	-2.405	3.67322364e-10	5.47575858e-11	-5.47627158e-11
770.958	1.691	-2.054	2.973200256e-10	5.59654272e-11	-5.59686078e-11
774.580	1.681	-1.931	3.154369284e-10	5.75908848e-11	-5.7594339e-11
778.196	2.080	-1.936	2.772869652e-10	5.21945694e-11	-5.21974422e-11
782.041	2.706	-1.765	3.76380918e-10	5.72585634e-11	-5.72626332e-11
786.757	2.167	-2.01	4.0887126e-10	6.095124e-11	-6.09558228e-11
791.171	1.754	-2.247	4.26870036e-10	6.36343326e-11	-6.36389154e-11
795.067	2.488	-2.142	3.63313098e-10	5.52705174e-11	-5.52742794e-11
800.179	1.786	-2.625	2.58123132e-10	4.71267792e-11	-4.7129139e-11
803.515	1.634	-1.549	5.36658534e-10	8.00007768e-11	-8.00068644e-11
807.301	2.236	-2.153	3.83424066e-10	5.83300494e-11	-5.83348032e-11
810.938	2.085	-1.401	3.194347032e-10	6.01281144e-11	-6.01312608e-11
814.842	2.048	-1.82	4.34987748e-10	6.61743324e-11	-6.61793598e-11
818.564	1.794	-1.673	3.283759854e-10	5.99532156e-11	-5.99564304e-11
822.673	1.974	-2.316	3.9817521e-10	5.93568702e-11	-5.93621028e-11
826.841	1.422	-2.193	3.2439213e-10	5.92259184e-11	-5.92298514e-11
830.589	2.555	-2.327	3.49806492e-10	5.43171924e-11	-5.4321741e-11
835.042	1.563	-1.898	3.355410564e-10	6.12613656e-11	-6.12645804e-11
839.273	2.717	-2.669	1.97130852e-10	3.94930998e-11	-3.94948782e-11
844.240	2.472	-2.25	3.296597166e-10	5.14844748e-11	-5.14884078e-11
848.305	1.912	-1.593	3.175337304e-10	5.97702798e-11	-5.97733578e-11
852.430	2.700	-2.214	3.42346788e-10	5.2080957e-11	-5.208489e-11
856.886	1.732	-1.755	3.226944078e-10	6.1508016e-11	-6.1510923e-11
860.632	2.296	-2.014	3.84381666e-10	5.96858742e-11	-5.96903202e-11
864.803	1.924	-1.875	2.998718244e-10	5.474907e-11	-5.47521138e-11
869.048	1.883	-2.321	3.94009992e-10	6.11809272e-11	-6.11853732e-11
873.085	2.040	-2.153	4.0113009e-10	6.10236072e-11	-6.102819e-11
877.664	1.895	-2.539	3.85261974e-10	5.74318206e-11	-5.7436848e-11
881.950	1.740	-2.391	4.1354982e-10	6.1648749e-11	-6.16540158e-11
885.728	1.915	-2.038	2.81585358e-10	5.30036046e-11	-5.30061012e-11
890.118	1.603	-2.475	4.18827222e-10	6.24353832e-11	-6.24397608e-11
895.245	3.165	-3.525	1.701888102e-10	3.107219112e-11	-3.10737096e-11
900.520	2.051	-2.11	3.250969236e-10	5.61693276e-11	-5.61724398e-11
905.067	2.190	-2.496	3.5900937e-10	5.4615861e-11	-5.4620136e-11
908.729	1.870	-1.471	3.331202094e-10	6.27041952e-11	-6.27075126e-11
912.446	3.172	-1.847	2.771808084e-10	4.7193777e-11	-4.71969918e-11
917.687	1.964	-2.069	2.760030288e-10	5.1952878e-11	-5.19556482e-11
922.021	2.179	-2.37	2.502912294e-10	4.56969114e-11	-4.56997158e-11
926.469	1.752	-2.269	2.831457672e-10	5.16953178e-11	-5.16981564e-11
930.471	2.216	-2.25	2.54975364e-10	4.65521166e-11	-4.655475e-11
934.854	2.574	-2.168	3.60437562e-10	5.37312438e-11	-5.37363396e-11
939.599	2.888	-2.171	2.900333052e-10	4.8014235e-11	-4.80178602e-11
944.338	2.062	-1.85	2.84687811e-10	5.3587638e-11	-5.35907844e-11
948.592	1.750	-2.193	2.890488924e-10	5.27731308e-11	-5.2776585e-11
952.459	2.173	-2.117	2.596453056e-10	4.8873852e-11	-4.887693e-11
957.046	2.532	-2.414	2.251659258e-10	4.23836496e-11	-4.23861462e-11
962.205	2.812	-2.627	2.094771888e-10	3.82452786e-11	-3.82473306e-11
967.364	2.633	-2.347	2.183375538e-10	4.23898056e-11	-4.2391755e-11
971.732	1.605	-1.736	3.408419538e-10	6.22291572e-11	-6.2232372e-11
975.315	1.689	-1.978	3.31302069e-10	5.85667134e-11	-5.85700308e-11
979.691	2.014	-2.687	2.368122912e-10	4.45758696e-11	-4.45782294e-11
983.812	2.639	-2.108	3.196196568e-10	5.26791492e-11	-5.2682877e-11
988.056	2.098	-1.604	3.383934732e-10	5.89070034e-11	-5.89107312e-11
992.730	2.615	-2.576	1.995277932e-10	4.1267943e-11	-4.12697556e-11
997.146	1.962	-1.801	2.95907634e-10	5.56995564e-11	-5.57024634e-11
1000.591	2.219	-1.483	3.179711826e-10	5.7109554e-11	-5.71129398e-11
1004.876	1.999	-2.066	2.895632946e-10	5.20073244e-11	-5.20104366e-11
1008.984	1.914	-2.109	2.702286666e-10	5.24643732e-11	-5.24668014e-11
1013.179	1.729	-2.281	2.45362257e-10	5.41737234e-11	-5.41755702e-11
1017.436	1.824	-2.528	2.61686601e-10	4.77774342e-11	-4.77802386e-11
1021.724	2.046	-2.464	2.468118582e-10	4.6458135e-11	-4.64606658e-11
1025.963	1.776	-2.193	2.869389918e-10	5.2387902e-11	-5.23910484e-11
1029.943	1.833	-2.204	2.756944764e-10	5.18948064e-11	-5.18976792e-11
1034.842	2.195	-3.066	1.968525324e-10	4.07146212e-11	-4.07163996e-11
1039.734	1.844	-2.697	2.508088122e-10	4.5791406e-11	-4.57940394e-11
1043.846	2.053	-2.269	2.515872384e-10	4.88451924e-11	-4.88474496e-11
1048.311	1.671	-2.412	2.789115336e-10	5.09222268e-11	-5.09247918e-11
1051.874	1.550	-1.892	3.308238846e-10	6.04001412e-11	-6.04033218e-11
1055.278	2.043	-1.854	2.92302612e-10	5.33671164e-11	-5.33700234e-11
1059.626	2.282	-2.305	2.483041068e-10	4.53341178e-11	-4.5336546e-11
1063.954	1.818	-2.046	2.81366307e-10	5.46267366e-11	-5.46294042e-11
1068.431	2.065	-2.659	2.35637145e-10	4.4354664e-11	-4.4357058e-11
1072.486	1.759	-1.991	3.036393306e-10	5.54369346e-11	-5.543991e-11
NO NO NO NO NO NO
! PC_incbad
4278.236	10.603	-6.948	1.067288976e-10	2.27862117e-11	-2.27862117e-11
4304.998	16.435	-16.16	4.53765942e-11	1.017750276e-11	-1.017750276e-11
4332.115	11.885	-10.681	6.90755184e-11	1.513936188e-11	-1.513936188e-11
4361.538	17.564	-17.538	4.43656422e-11	9.98123922e-12	-9.98123922e-12
4385.966	8.180	-6.863	1.155145356e-10	2.528065026e-11	-2.528065026e-11
4410.437	11.289	-16.291	6.29785476e-11	1.344568212e-11	-1.344568212e-11
4433.838	12.962	-12.112	6.69738258e-11	1.472160546e-11	-1.472160546e-11
4459.203	12.670	-12.403	6.34944888e-11	1.428478596e-11	-1.428478596e-11
4490.956	21.033	-19.083	6.68266632e-11	1.158515766e-11	-1.158515766e-11
10078.444	41.896	-25.801	2.134534518e-11	4.82462478e-12	-4.82462478e-12
10158.433	29.605	-38.093	2.093707926e-11	4.73234292e-12	-4.73234292e-12
10224.604	36.146	-36.566	2.047407624e-11	4.48742304e-12	-4.48742304e-12
10291.450	34.490	-30.7	2.191759326e-11	4.96163682e-12	-4.96163682e-12
10345.866	20.191	-19.926	3.53160144e-11	7.95776202e-12	-7.95776202e-12
10390.368	20.820	-24.311	3.129856092e-11	7.08527214e-12	-7.08527214e-12
10436.254	20.066	-25.066	3.181306914e-11	7.1464149e-12	-7.1464149e-12
10492.083	34.442	-35.763	2.230702866e-11	4.8161466e-12	-4.8161466e-12
10558.579	30.626	-32.054	2.771737632e-11	5.6940777e-12	-5.6940777e-12
11809.447	31.100	-26.569	2.465206452e-11	5.53771188e-12	-5.53771188e-12
11869.608	23.592	-29.062	2.823330384e-11	6.20608932e-12	-6.20608932e-12
11929.652	38.766	-36.452	1.941687216e-11	4.29956244e-12	-4.29956244e-12
22581.316	49.868	-50.425	9.4621995e-12	2.079431478e-12	-2.079431478e-12
22694.849	61.702	-63.664	7.2469287e-12	1.630774674e-12	-1.630774674e-12
22833.980	85.546	-77.43	1.082410848e-11	2.433166182e-12	-2.433166182e-12
22971.533	48.285	-52.007	9.05777766e-12	2.046952422e-12	-2.046952422e-12
23058.033	84.645	-38.214	1.350611352e-11	3.045301038e-12	-3.045301038e-12
23269.839	90.976	-127.161	8.10429192e-12	1.82913399e-12	-1.82913399e-12
23458.114	75.705	-97.3	1.056315222e-11	2.337169176e-12	-2.337169176e-12
23606.791	59.915	-72.972	7.12058706e-12	1.566417114e-12	-1.566417114e-12
23710.826	31.100	-44.119	1.205688852e-11	2.707415982e-12	-2.707415982e-12
23779.403	32.728	-37.476	1.286297568e-11	2.88537192e-12	-2.88537192e-12
23857.903	36.970	-45.772	1.155517452e-11	2.52916182e-12	-2.52916182e-12
23939.742	35.364	-44.87	1.120594122e-11	2.521670652e-12	-2.521670652e-12
24047.000	86.064	-71.894	7.72153236e-12	1.491832728e-12	-1.491832728e-12
28888.517	63.337	-82.087	6.42763008e-12	1.444860396e-12	-1.444860396e-12
29013.012	64.208	-61.158	7.66352232e-12	1.722675888e-12	-1.722675888e-12
29132.869	47.151	-55.649	9.10283616e-12	2.048383692e-12	-2.048383692e-12
29238.293	64.586	-58.273	7.69553694e-12	1.726221402e-12	-1.726221402e-12
29403.269	72.615	-100.39	5.39624358e-12	1.218168774e-12	-1.218168774e-12
29553.196	70.620	-77.312	6.2221428e-12	1.40311998e-12	-1.40311998e-12
29771.943	127.669	-148.128	6.17233734e-12	1.025217846e-12	-1.025217846e-12
34680.615	100.094	-110.521	4.10612382e-12	9.29825838e-13	-9.29825838e-13
34836.986	41.509	-56.277	8.86546764e-12	1.990706418e-12	-1.990706418e-12
34950.680	68.225	-72.185	6.14628036e-12	1.384485426e-12	-1.384485426e-12
35065.394	68.847	-46.49	7.50662298e-12	1.685583594e-12	-1.685583594e-12
35203.290	63.839	-69.049	6.50397474e-12	1.461977838e-12	-1.461977838e-12
35347.084	72.992	-79.955	5.6427093e-12	1.271052918e-12	-1.271052918e-12
35483.740	66.716	-63.664	6.64512498e-12	1.490572116e-12	-1.490572116e-12
35603.543	62.241	-53.087	9.36345384e-12	1.883722662e-12	-1.883722662e-12
40407.251	74.468	-80.986	5.73555204e-12	1.263065166e-12	-1.263065166e-12
40596.262	101.087	-114.542	3.96004878e-12	8.89261218e-13	-8.89261218e-13
40758.387	59.313	-61.038	7.1184051e-12	1.598495688e-12	-1.598495688e-12
40911.682	119.141	-93.981	4.00771332e-12	9.07687152e-13	-9.07687152e-13
41123.687	87.662	-92.864	4.72797216e-12	1.066240062e-12	-1.066240062e-12
41307.000	122.477	-95.651	2.882340432e-12	7.62518412e-13	-7.62518412e-13
47023.153	171.026	-117.314	3.228352776e-12	6.92006562e-13	-6.92006562e-13
51355.355	1026.767	-912.342	3.40477245e-12	8.86302918e-13	-8.86302918e-13
52468.833	133.933	-86.711	4.03325388e-12	9.07372512e-13	-9.07372512e-13
52763.792	197.516	-161.025	2.986441812e-12	6.15837006e-13	-6.15837006e-13
80407.568	112.611	-87.975	3.129867378e-12	8.17196004e-13	-8.17196004e-13
80646.930	141.532	-126.751	2.308815666e-12	6.13458396e-13	-6.13458396e-13
81016.479	123.007	-228.017	1.760955606e-12	4.64516028e-13	-4.64516028e-13
81447.079	339.287	-307.592	1.594914264e-12	3.254833494e-13	-3.254833494e-13
86541.636	230.693	-238.176	1.407618648e-12	3.67387344e-13	-3.67387344e-13
86951.384	149.403	-179.056	2.01801375e-12	5.255001e-13	-5.255001e-13
87736.914	3191.738	-636.127	2.071626696e-12	3.81943548e-13	-3.81943548e-13
98257.107	163.596	-137.282	2.137211352e-12	5.57988048e-13	-5.57988048e-13
98736.472	290.996	-315.769	1.971167616e-12	3.78211302e-13	-3.78211302e-13
109608.243	280.634	-341.177	1.700953074e-12	3.46494222e-13	-3.46494222e-13
115775.907	593.266	-444.756	8.87836104e-13	1.982630088e-13	-1.982630088e-13
132656.115	392.293	-410.043	1.087575732e-12	2.474374104e-13	-2.474374104e-13
166826.530	7140.389	-4882.289	7.4533257e-13	1.84914099e-13	-1.84914099e-13
194487.832	6721.128	-4941.013	5.25921786e-13	1.104168888e-13	-1.104168888e-13
221984.357	2443.326	-4268.265	6.88623498e-13	1.445937012e-13	-1.445937012e-13
241599.022	467.914	-404.626	7.42395132e-13	1.957558068e-13	-1.957558068e-13
305874.782	29494.381	-28599.839	4.41714204e-13	6.37885062e-14	-6.37885062e-14
392155.302	6677.350	-6542.4	3.49166952e-13	5.76022392e-14	-5.76022392e-14
488927.623	12700.333	-40053.252	2.315046564e-13	5.02412364e-14	-5.02412364e-14
537730.769	9736.474	-8084.912	1.781952354e-13	4.57236558e-14	-4.57236558e-14
625133.627	10055.228	-7672.897	1.683820584e-13	4.35773322e-14	-4.35773322e-14
767462.397	6086.060	-7517.443	1.694293992e-13	4.21189416e-14	-4.21189416e-14
870061.933	45746.527	-35417.048	1.140954066e-13	2.23422957e-14	-2.23422957e-14
1413543.347	137603.702	-203599.846	3.57216948e-14	9.7388091e-15	-9.7388091e-15
1660962.492	51764.871	-47900.519	4.07919474e-14	1.839906648e-14	-1.449119664e-14
