#|======================================|
#| GRB 050922C							|
#| Redshift = 2.198						|
#|======================================|
#| secs		mag		mag_e	filter		|
#|======================================|
744.5952	15.98	0.04	R
804.59136	16.05	0.05	R
865.58976	16.08	0.05	R
925.59456	16.12	0.05	R
985.59072	16.11	0.06	R
1045.59552	16.22	0.05	R
1105.59168	16.26	0.05	R
1165.59648	16.23	0.06	R
1225.59264	16.36	0.07	R
1285.59744	16.43	0.07	R
1345.5936	16.35	0.06	R
1465.59456	16.44	0.07	R
1525.59072	16.39	0.06	R
1585.59552	16.46	0.07	R
1645.59168	16.29	0.15	R
1705.59648	16.52	0.08	R
1765.59264	16.48	0.07	R
1825.59744	16.52	0.07	R
1886.59584	16.51	0.08	R
1946.592	16.62	0.08	R
2006.5968	16.66	0.08	R
2066.59296	16.62	0.09	R
2126.59776	16.65	0.08	R
2186.59392	16.67	0.09	R
2426.59584	16.75	0.11	R
2486.592	16.86	0.1		R
2546.5968	16.94	0.11	R
2606.59296	16.88	0.09	R
2666.59776	16.75	0.08	R
2726.59392	16.95	0.13	R
2786.59008	17.08	0.13	R
2846.59488	16.9	0.11	R
2907.59328	16.99	0.13	R
2967.59808	16.89	0.12	R
3027.59424	16.87	0.1		R
3087.5904	16.87	0.1		R
3147.5952	17.07	0.12	R
3207.59136	16.98	0.11	R
3267.59616	17.26	0.17	R
3283.2		17.08	0.02	R
3327.59232	17.1	0.13	R
3387.59712	17.05	0.13	R
3447.59328	16.98	0.11	R
3507.59808	17.03	0.11	R
3567.59424	16.97	0.12	R
3627.5904	17.31	0.15	R
3687.5952	17.05	0.13	R
3747.59136	17.11	0.12	R
3807.59616	17.21	0.14	R
3868.59456	17.06	0.13	R
3928.59072	17.19	0.14	R
3988.59552	17.32	0.16	R
4048.59168	17.03	0.11	R
4108.59648	17.19	0.12	R
4168.59264	17.09	0.13	R
4228.59744	17.22	0.16	R
4288.5936	17.36	0.16	R
4348.5984	17.45	0.17	R
4408.59456	17		0.11	R
4468.59072	17.4	0.19	R
4528.59552	17.33	0.2		R
4588.59168	17.33	0.17	R
4648.59648	17.22	0.13	R
4708.59264	17.43	0.19	R
4768.59744	17.62	0.22	R
4829.59584	17.61	0.25	R
4889.592	17.29	0.19	R
4949.5968	17.8	0.27	R
5009.59296	17.69	0.23	R
5069.59776	17.68	0.24	R
5129.59392	17.51	0.19	R
5189.59008	17.78	0.31	R
5249.59488	17.43	0.19	R
5309.59104	17.45	0.22	R
5369.59584	17.73	0.27	R
5429.592	17.27	0.17	R
5489.5968	17.13	0.24	R
5549.59296	17.55	0.22	R
5609.59776	17.67	0.31	R
5669.59392	17.5	0.28	R
5729.59008	17.3	0.25	R
5850.59328	17.56	0.67	R
5910.59808	17.57	0.29	R
5970.59424	17.72	0.56	R
6030.5904	17.8	0.53	R
7464.96		18.66	0.02	B
7853.76		17.4	0.02	I
8277.12		18.75	0.02	B
8674.56		17.5	0.02	I
27751.68	19.63	0.03	R
28926.72	20.48	0.02	B
29592		19.66	0.03	R
30473.28	20.53	0.05	B
30602.88	20.5	0.03	B
31371.84	19.8	0.06	R
31691.52	19.27	0.04	I
32693.76	19.8	0.06	R
33963.84	19.85	0.06	R
34568.64	19.92	0.06	R
36149.76	19.88	0.03	R
37497.6		20.9	0.04	B
38836.8		19.98	0.03	R
40798.08	20.92	0.04	B
87661.44	21.22	0.04	R
89156.16	21.2	0.05	R
89424		20.74	0.05	I
101200.32	22		0.02	V
101485.44	21.05	0.04	I
101545.92	21.57	0.05	R
101969.28	22.34	0.05	B
102945.6	21.52	0.05	R
113598.72	22.5	0.07	B
115706.88	21.67	0.06	R
176186.88	22.28	0.08	R
197985.6	22.54	0.29	R
199739.52	23.35	0.15	B
201994.56	22.74	0.11	R
203869.44	23.14	0.12	B
262699.2	22.97	0.13	R
348433.92	23.56	0.08	R
606009.6	24.54	0.14	R