READ TERR 1 2
! WT
116.949	1.150	-1.302	6.3202664e-10	9.4219632e-11	-9.42189328e-11
119.990	1.660	-1.891	4.36343664e-10	6.50480048e-11	-6.50475792e-11
123.201	1.310	-1.551	5.4162008e-10	8.0741944e-11	-8.07414272e-11
126.053	1.786	-1.543	4.58000016e-10	6.82762416e-11	-6.82758464e-11
128.993	1.197	-1.153	6.39396512e-10	9.53177712e-11	-9.5317224e-11
131.547	1.144	-1.358	5.89745104e-10	9.02300272e-11	-9.02295104e-11
134.418	1.595	-1.727	4.5240672e-10	6.74422784e-11	-6.74419136e-11
137.737	1.693	-1.724	4.39618048e-10	6.55358032e-11	-6.55354384e-11
141.145	1.459	-1.715	4.7335232e-10	7.05646928e-11	-7.05642976e-11
143.860	1.490	-1.256	5.37265584e-10	8.22006576e-11	-8.2200232e-11
146.973	1.621	-1.624	4.62956432e-10	6.90149008e-11	-6.9014536e-11
150.266	1.415	-1.671	4.6883184e-10	7.3635944e-11	-7.36355792e-11
153.624	1.792	-1.943	3.94899344e-10	6.04188752e-11	-6.04185712e-11
157.757	1.852	-2.342	3.49390848e-10	5.48762256e-11	-5.4875952e-11
161.422	1.758	-1.813	4.25128496e-10	6.50439008e-11	-6.50435664e-11
164.862	1.596	-1.682	4.71596416e-10	7.03029792e-11	-7.03026144e-11
168.160	1.713	-1.702	4.52973072e-10	6.75266992e-11	-6.75263344e-11
171.507	1.796	-1.634	4.42727968e-10	6.77366416e-11	-6.77362768e-11
174.933	1.620	-1.631	4.7592112e-10	7.09477328e-11	-7.09473376e-11
178.397	1.980	-1.843	3.95034928e-10	6.043976e-11	-6.04393952e-11
182.554	2.073	-2.178	3.47577488e-10	5.31788416e-11	-5.31785376e-11
186.392	1.918	-1.765	2.724155248e-10	4.9736832e-11	-4.97366496e-11
190.406	1.618	-2.097	3.97175392e-10	6.23815904e-11	-6.23812256e-11
193.118	1.602	-1.094	5.5374512e-10	8.69729712e-11	-8.69724544e-11
196.863	2.285	-2.143	3.306456e-10	5.33254e-11	-5.3325096e-11
201.101	1.499	-1.953	4.48967872e-10	6.69298864e-11	-6.69294304e-11
204.530	1.922	-1.93	4.02369536e-10	5.99832736e-11	-5.99828784e-11
208.991	2.189	-2.54	3.277424e-10	4.8858272e-11	-4.88579376e-11
212.961	1.975	-1.78	3.95138896e-10	6.04558416e-11	-6.04554464e-11
216.628	1.910	-1.692	4.10320352e-10	6.2778584e-11	-6.27781888e-11
220.770	2.537	-2.231	3.1582408e-10	4.70815744e-11	-4.708124e-11
225.620	2.223	-2.313	3.13688784e-10	5.05907376e-11	-5.0590464e-11
230.176	2.350	-2.333	2.980246976e-10	4.93672288e-11	-4.93669552e-11
234.343	1.873	-1.817	2.721002768e-10	4.9679376e-11	-4.96791632e-11
238.055	2.272	-1.839	2.374879616e-10	4.50870912e-11	-4.50868784e-11
242.097	1.918	-1.77	2.919767088e-10	5.26637136e-11	-5.26634704e-11
245.691	1.888	-1.675	2.740115856e-10	5.2021088e-11	-5.20208752e-11
249.366	2.011	-1.787	2.570703344e-10	4.88047984e-11	-4.88045856e-11
253.104	1.937	-1.727	2.740875552e-10	5.00422e-11	-5.00419872e-11
256.999	1.972	-1.958	2.910303264e-10	5.08673472e-11	-5.0867104e-11
260.813	1.622	-1.842	2.818877696e-10	5.35164032e-11	-5.351616e-11
264.409	2.102	-1.974	2.463148752e-10	4.49715408e-11	-4.49713584e-11
268.408	1.511	-1.897	2.945055936e-10	5.37700912e-11	-5.3769848e-11
272.092	1.946	-2.172	3.58919728e-10	5.49143472e-11	-5.49140128e-11
275.751	1.801	-1.713	2.700120704e-10	5.3333152e-11	-5.33329392e-11
279.790	2.701	-2.238	1.976887984e-10	3.75312016e-11	-3.75310496e-11
284.142	1.782	-1.651	2.940910592e-10	5.48556448e-11	-5.4855432e-11
288.117	1.992	-2.193	2.95912384e-10	4.86487552e-11	-4.86484816e-11
292.181	2.321	-2.072	2.159998432e-10	4.2664576e-11	-4.2664424e-11
296.274	1.802	-1.772	2.731680464e-10	5.18609408e-11	-5.1860728e-11
299.656	1.911	-1.58	2.876049152e-10	5.25101632e-11	-5.250992e-11
303.270	1.835	-1.703	2.836999136e-10	5.1797192e-11	-5.17969792e-11
307.931	3.036	-2.826	1.665419312e-10	3.1617976e-11	-3.16178544e-11
313.072	2.416	-2.105	2.2205756e-10	4.05426864e-11	-4.0542504e-11
318.085	2.259	-2.597	3.10154176e-10	4.62363024e-11	-4.6235968e-11
322.411	2.184	-2.068	2.36111024e-10	4.31085376e-11	-4.31083552e-11
326.264	2.393	-1.668	2.718952896e-10	4.73318272e-11	-4.7331584e-11
330.868	1.856	-2.211	2.264866272e-10	4.65720704e-11	-4.65719184e-11
335.129	1.775	-2.404	2.336115664e-10	4.43511376e-11	-4.43509552e-11
339.095	1.929	-2.191	2.43632592e-10	4.44817968e-11	-4.44816144e-11
343.705	2.060	-2.682	2.059028784e-10	3.90906304e-11	-3.90904784e-11
348.297	2.525	-2.532	1.82171392e-10	3.74596096e-11	-3.7459488e-11
352.683	1.825	-1.862	2.648723728e-10	5.0286008e-11	-5.02857952e-11
357.910	3.081	-3.402	1.506077408e-10	2.8592872e-11	-2.85927504e-11
364.102	2.680	-3.111	1.733632352e-10	3.16522064e-11	-3.16520848e-11
368.457	1.967	-1.675	2.94047496e-10	5.198172e-11	-5.19814768e-11
372.747	2.266	-2.324	2.127108368e-10	4.03831472e-11	-4.03829648e-11
378.246	2.386	-3.232	1.688695984e-10	3.33553664e-11	-3.33552144e-11
382.503	2.002	-1.871	2.520810256e-10	4.78575648e-11	-4.7857352e-11
386.962	1.948	-2.457	2.27899528e-10	4.16093008e-11	-4.16091184e-11
391.989	1.985	-3.078	1.928197824e-10	3.66068288e-11	-3.66066768e-11
397.021	2.206	-3.047	1.858145888e-10	3.52768896e-11	-3.52767376e-11
401.601	2.992	-2.374	1.767960032e-10	3.49209968e-11	-3.49208448e-11
407.290	2.292	-2.697	2.012410384e-10	3.67420784e-11	-3.6741896e-11
412.319	3.753	-2.737	1.504306608e-10	2.855925568e-11	-2.855913408e-11
418.533	2.252	-2.461	2.07158976e-10	3.93291184e-11	-3.93289664e-11
423.212	2.515	-2.427	1.86379208e-10	3.83248544e-11	-3.83247328e-11
428.092	2.692	-2.364	1.985672672e-10	3.62539152e-11	-3.62537328e-11
NO NO NO NO NO NO
! PC_incbad
448.050	8.931	-11.127	1.126081664e-10	2.523296064e-11	-2.523296064e-11
465.271	9.262	-8.289	1.432553184e-10	3.0620096e-11	-3.0620096e-11
488.870	13.243	-14.337	8.69160624e-11	1.89919744e-11	-1.89919744e-11
515.212	9.467	-13.099	1.163276976e-10	2.431523024e-11	-2.431523024e-11
538.180	9.064	-13.501	1.001552624e-10	2.2458304e-11	-2.2458304e-11
561.255	11.062	-14.011	9.03296176e-11	2.02550488e-11	-2.02550488e-11
583.801	11.082	-11.483	1.058498208e-10	2.311374016e-11	-2.311374016e-11
604.440	7.994	-9.557	1.414619616e-10	3.025609856e-11	-3.025609856e-11
625.121	9.879	-12.687	1.06647e-10	2.330336928e-11	-2.330336928e-11
648.360	11.713	-13.36	9.02547728e-11	2.019572624e-11	-2.019572624e-11
675.252	12.402	-15.179	8.67356688e-11	1.893990832e-11	-1.893990832e-11
697.767	14.960	-10.114	9.0280096e-11	2.025817088e-11	-2.025817088e-11
737.888	29.999	-25.161	7.19621504e-11	1.22077888e-11	-1.22077888e-11
4078.943	72.082	-80.863	1.097245136e-11	2.47110808e-12	-2.47110808e-12
4206.538	57.316	-55.513	1.451456512e-11	3.25820816e-12	-3.25820816e-12
4350.347	53.916	-86.494	1.149037312e-11	2.582698576e-12	-2.582698576e-12
4494.747	72.491	-90.484	9.79353328e-12	2.199867424e-12	-2.199867424e-12
4606.800	48.194	-39.562	1.82070464e-11	4.07913888e-12	-4.07913888e-12
4696.186	29.013	-41.192	2.064906928e-11	4.63226384e-12	-4.63226384e-12
4769.262	48.707	-44.063	8.91959712e-12	1.997155968e-12	-1.997155968e-12
4861.535	41.683	-43.565	1.867523984e-11	4.0803032e-12	-4.0803032e-12
5037.337	68.972	-134.12	8.14142096e-12	1.794299808e-12	-1.794299808e-12
5146.348	52.732	-40.038	1.736823136e-11	3.89626464e-12	-3.89626464e-12
5267.912	38.982	-68.832	1.559753168e-11	3.41629424e-12	-3.41629424e-12
5353.088	41.562	-46.194	1.024069904e-11	2.29907144e-12	-2.29907144e-12
5443.710	46.218	-49.059	8.63946112e-12	1.940935424e-12	-1.940935424e-12
5544.372	33.312	-54.444	1.236058832e-11	2.709275664e-12	-2.709275664e-12
5689.624	83.630	-111.94	8.13641408e-12	1.837193296e-12	-1.837193296e-12
5835.469	58.135	-62.216	1.356125456e-11	3.04618944e-12	-3.04618944e-12
6049.808	117.093	-156.204	6.24312944e-12	1.383684576e-12	-1.383684576e-12
6257.108	67.753	-90.207	9.41100096e-12	2.11945304e-12	-2.11945304e-12
6388.483	44.192	-63.622	7.70800512e-12	1.728188928e-12	-1.728188928e-12
6491.511	64.022	-58.836	7.58380592e-12	1.62378864e-12	-1.62378864e-12
9946.681	163.911	-168.142	2.417448432e-12	6.36766912e-13	-6.36766912e-13
10322.094	147.976	-211.502	2.097062832e-12	5.49355664e-13	-5.49355664e-13
10641.178	230.986	-171.107	2.99146184e-12	7.5743424e-13	-7.5743424e-13
11154.846	217.224	-282.682	2.860376736e-12	7.49316528e-13	-7.49316528e-13
11916.197	426.878	-544.128	2.684742256e-12	5.148012e-13	-5.148012e-13
15769.585	478.387	-258.06	1.95039104e-12	4.95998496e-13	-4.95998496e-13
21460.666	179.872	-163.521	1.824492784e-12	4.79289136e-13	-4.79289136e-13
21780.023	258.667	-139.485	2.088844496e-12	5.48256096e-13	-5.48256096e-13
22541.546	1373.574	-502.856	1.488310128e-12	3.58992992e-13	-3.58992992e-13
27370.739	237.016	-281.996	1.200855328e-12	3.1347264e-13	-3.1347264e-13
28383.180	821.287	-775.425	1.096625888e-12	2.201360368e-13	-2.201360368e-13
33883.169	1242.308	-1013.044	7.23544624e-13	1.426446128e-13	-1.426446128e-13
39490.533	1627.225	-833.291	4.94343216e-13	1.044173424e-13	-1.044173424e-13
45029.754	359.283	-581.559	6.29378496e-13	1.671672592e-13	-1.671672592e-13
46234.702	828.743	-845.666	7.24475776e-13	1.371948352e-13	-1.371948352e-13
51552.481	1297.897	-1322.032	4.36558592e-13	8.54345792e-14	-8.54345792e-14
57407.010	1230.304	-1387.63	2.994798848e-13	6.9802048e-14	-6.9802048e-14
64928.046	4841.337	-3123.683	3.17510064e-13	5.38313168e-14	-5.38313168e-14
83285.375	4284.304	-3532.716	2.101636816e-13	4.78585072e-14	-4.78585072e-14
95917.729	6561.446	-5167.295	1.910848544e-13	4.4989872e-14	-4.4989872e-14
356191.567	234696.457	-142188.831	1.161096688e-14	5.56710944e-15	-4.54722592e-15
