READ TERR 1 2
! WT
91.1323	0.3035	-0.3441	9.62484052e-09	1.507714068e-09	-1.305267696e-09
91.7687	0.4214	-0.3329	8.26282472e-09	1.282626344e-09	-1.116911544e-09
92.5679	0.2965	-0.3778	9.15098e-09	1.536233232e-09	-1.285468056e-09
93.2539	0.3631	-0.3894	8.28252348e-09	1.405402736e-09	-1.160447472e-09
94.0568	0.4053	-0.4398	7.15321068e-09	1.259714556e-09	-1.041946452e-09
94.9207	0.3989	-0.4587	7.30507e-09	1.300970984e-09	-1.051333724e-09
95.6821	0.2869	-0.3625	9.59845652e-09	1.736012492e-09	-1.38974034e-09
96.4738	0.4737	-0.5048	6.24185688e-09	1.182452892e-09	-9.42559476e-10
97.3296	0.5466	-0.382	6.57675132e-09	1.247785108e-09	-9.9401526e-10
98.3232	0.3714	-0.447	7.69278288e-09	1.467765976e-09	-1.153175964e-09
99.1161	0.4219	-0.4214	7.3169816e-09	1.469702096e-09	-1.17546346e-09
99.9211	0.4121	-0.3832	7.9164416e-09	1.60434314e-09	-1.33831676e-09
100.8466	0.4241	-0.5135	6.64789888e-09	1.356343628e-09	-1.190782088e-09
101.774	0.561	-0.503	4.82911008e-09	9.78990348e-10	-8.69828488e-10
102.907	0.650	-0.572	4.1177082e-09	8.34409908e-10	-7.59790524e-10
104.0040	0.3874	-0.447	5.97119972e-09	1.206940736e-09	-1.128089824e-09
104.8378	0.4610	-0.4464	5.49108464e-09	1.109827052e-09	-1.035953792e-09
105.7515	0.4920	-0.4527	5.32734864e-09	1.049046076e-09	-1.005120596e-09
106.6857	0.3922	-0.4423	5.97107944e-09	1.143355684e-09	-1.11701126e-09
107.5629	0.5095	-0.485	5.060587e-09	9.73013984e-10	-9.48268896e-10
108.618	0.487	-0.545	4.82835348e-09	9.2964606e-10	-9.07348476e-10
109.655	0.556	-0.551	4.50237916e-09	8.53100644e-10	-8.35221604e-10
110.6966	0.4715	-0.4857	5.2581178e-09	9.63722548e-10	-9.48020964e-10
111.5580	0.4676	-0.3899	5.83442196e-09	1.017380232e-09	-1.015119356e-09
112.4645	0.4489	-0.4389	4.4123166e-09	7.68457668e-10	-7.73599832e-10
113.3012	0.4146	-0.3878	5.08423948e-09	8.36046492e-10	-8.53236056e-10
114.0149	0.4250	-0.2991	3.784034408e-09	6.958198e-10	-7.0970244e-10
114.8381	0.5181	-0.3982	4.31953416e-09	7.12115412e-10	-7.33061592e-10
115.7473	0.4380	-0.3911	3.255995896e-09	5.93252e-10	-6.1093704e-10
116.6534	0.4445	-0.4682	4.46982208e-09	7.16747356e-10	-7.40323788e-10
117.5449	0.5155	-0.447	4.11194252e-09	6.57108264e-10	-6.8563092e-10
118.5586	0.3842	-0.4982	3.10502626e-09	5.41133124e-10	-5.6442166e-10
119.425	0.519	-0.483	4.03236372e-09	6.13822984e-10	-6.49147668e-10
120.437	0.516	-0.492	4.00386512e-09	5.96768056e-10	-6.35038436e-10
121.450	0.566	-0.496	3.840885332e-09	5.60669312e-10	-5.98898564e-10
122.4958	0.4519	-0.4804	4.23293256e-09	6.18297012e-10	-6.60308876e-10
123.3394	0.2772	-0.3918	3.688220912e-09	6.22525436e-10	-6.546045e-10
124.0199	0.4525	-0.4032	2.840384652e-09	4.86544628e-10	-5.1092034e-10
124.8863	0.4027	-0.4139	4.36411148e-09	6.48223452e-10	-6.91293004e-10
125.6956	0.4385	-0.4065	2.876309572e-09	4.94319372e-10	-5.18784712e-10
126.4948	0.3848	-0.3607	3.309716048e-09	5.63873416e-10	-5.91899044e-10
127.4071	0.3763	-0.5275	2.64897688e-09	4.59622472e-10	-4.82145872e-10
128.1357	0.3753	-0.3524	3.792487376e-09	5.99195772e-10	-6.33800328e-10
128.8765	0.4280	-0.3655	4.62948408e-09	6.42368532e-10	-6.89135724e-10
129.6786	0.3251	-0.3741	3.52874554e-09	5.79235112e-10	-6.10344176e-10
130.3514	0.3800	-0.3477	3.390659056e-09	5.59681852e-10	-5.89791816e-10
131.0768	0.3449	-0.3454	3.574147748e-09	5.82579672e-10	-6.13655368e-10
131.8802	0.4043	-0.4586	2.774662496e-09	4.6474446e-10	-4.8760348e-10
132.6178	0.3677	-0.3333	3.519723764e-09	5.78339996e-10	-6.09456044e-10
133.2962	0.4401	-0.3107	3.263390788e-09	5.35661548e-10	-5.64467056e-10
134.2085	0.4885	-0.4722	2.490569672e-09	4.16874184e-10	-4.38588604e-10
135.1271	0.4683	-0.4301	3.98482984e-09	5.60315844e-10	-6.0034658e-10
135.9693	0.4250	-0.3739	3.85114444e-09	5.7852546e-10	-6.15863476e-10
136.7179	0.3115	-0.3236	3.767236336e-09	6.33362276e-10	-6.663415e-10
137.3547	0.4398	-0.3253	3.127683132e-09	5.25837776e-10	-5.5321816e-10
138.2492	0.4722	-0.4547	2.581389608e-09	4.31455612e-10	-4.53943316e-10
139.1700	0.3858	-0.4486	2.781358212e-09	4.81182468e-10	-5.046813e-10
139.9139	0.4123	-0.3581	3.106013332e-09	5.17934992e-10	-5.4489168e-10
140.7152	0.3671	-0.389	3.164488812e-09	5.24384328e-10	-5.5145858e-10
141.6618	0.3670	-0.5795	2.5280625e-09	4.1588556e-10	-4.36983448e-10
142.4050	0.4795	-0.3762	2.754014688e-09	4.63807828e-10	-4.86867444e-10
143.368	0.562	-0.484	2.287251852e-09	3.77842354e-10	-3.9723246e-10
144.4481	0.4077	-0.5174	2.701903184e-09	4.31495188e-10	-4.54287472e-10
145.396	0.531	-0.54	2.267712948e-09	3.790327768e-10	-3.98331664e-10
146.2876	0.4239	-0.3607	3.026292524e-09	5.12513468e-10	-5.38312364e-10
147.286	0.627	-0.574	2.007346712e-09	3.317711564e-10	-3.488220492e-10
148.2850	0.3657	-0.3726	3.26495986e-09	5.41779532e-10	-5.69812144e-10
149.0614	0.3632	-0.4107	3.161768544e-09	5.18210472e-10	-5.46053352e-10
149.8701	0.3640	-0.4455	3.022714776e-09	4.95358436e-10	-5.21970968e-10
150.6890	0.4115	-0.4549	2.782255656e-09	4.61546564e-10	-4.85418652e-10
151.770	0.537	-0.669	2.02853772e-09	3.330269572e-10	-3.509158524e-10
152.809	0.517	-0.502	2.400251808e-09	3.9550586e-10	-4.1678184e-10
153.7437	0.4383	-0.4175	2.859321768e-09	4.763379e-10	-5.01729396e-10
154.805	0.512	-0.623	2.20136068e-09	3.705513296e-10	-3.89793336e-10
155.7701	0.4240	-0.4531	2.959614724e-09	4.85427576e-10	-5.1151786e-10
156.855	0.606	-0.661	2.049299212e-09	3.40894472e-10	-3.590911288e-10
157.917	0.566	-0.456	2.541996356e-09	4.23155516e-10	-4.45715388e-10
159.054	0.520	-0.572	2.270752152e-09	4.01095776e-10	-4.20082944e-10
160.1079	0.4451	-0.5334	2.61358934e-09	4.49184496e-10	-4.71433192e-10
160.9782	0.4787	-0.4251	2.829685552e-09	4.88606072e-10	-5.12376116e-10
161.9230	0.4181	-0.4661	2.935848172e-09	4.99486756e-10	-5.24454168e-10
162.8489	0.4689	-0.5078	2.618349712e-09	4.5737052e-10	-4.78302732e-10
163.762	0.577	-0.445	2.504347164e-09	4.37631408e-10	-4.5760138e-10
164.954	0.419	-0.615	2.51375112e-09	4.29989748e-10	-4.50919244e-10
165.922	0.458	-0.549	2.576238908e-09	4.56645736e-10	-4.75292628e-10
167.018	0.435	-0.638	2.418204568e-09	4.32659576e-10	-4.48935012e-10
168.126	0.390	-0.674	2.475083428e-09	4.37006728e-10	-4.53740392e-10
169.000	0.578	-0.484	2.479200108e-09	4.35864456e-10	-4.53277896e-10
169.9534	0.4257	-0.3749	3.289059704e-09	5.77363012e-10	-6.00766008e-10
170.7719	0.4772	-0.3928	2.981901832e-09	5.27589596e-10	-5.49586092e-10
171.7751	0.4383	-0.526	2.690329144e-09	4.70668056e-10	-4.91738396e-10
172.788	0.560	-0.575	2.25116242e-09	3.98364256e-10	-4.1628908e-10
173.834	0.541	-0.486	2.565125036e-09	4.50372164e-10	-4.68299316e-10
174.8117	0.5330	-0.4366	2.715737712e-09	4.79852792e-10	-4.9803292e-10
175.8638	0.4167	-0.5192	2.80889884e-09	4.98348364e-10	-5.18670252e-10
176.850	0.601	-0.57	2.298659828e-09	4.12428092e-10	-4.27484044e-10
178.008	0.635	-0.557	2.29144846e-09	4.04060096e-10	-4.19739176e-10
179.0571	0.5681	-0.4139	2.740107992e-09	4.87012944e-10	-5.06534776e-10
180.453	0.738	-0.828	1.718770936e-09	3.090417672e-10	-3.200251936e-10
181.724	0.529	-0.533	2.57162908e-09	4.53609636e-10	-4.71154996e-10
182.849	0.518	-0.596	2.452496396e-09	4.31581712e-10	-4.48660308e-10
183.7689	0.4892	-0.4021	3.064503152e-09	5.40372256e-10	-5.6125364e-10
184.815	0.598	-0.557	2.365600304e-09	4.15744328e-10	-4.3240466e-10
186.074	0.447	-0.661	2.46430634e-09	4.33826292e-10	-4.50916528e-10
187.135	0.603	-0.614	2.235176432e-09	4.01909412e-10	-4.16225448e-10
188.344	0.721	-0.606	2.08506738e-09	3.710171236e-10	-3.839862176e-10
189.612	0.621	-0.546	2.371093996e-09	4.30939184e-10	-4.419514e-10
190.940	0.619	-0.708	2.054148048e-09	3.71921474e-10	-3.840814328e-10
192.202	0.856	-0.642	1.847313396e-09	3.29707268e-10	-3.4082696e-10
193.772	0.533	-0.715	2.186009072e-09	3.99468504e-10	-4.1086484e-10
195.114	0.724	-0.809	1.777743832e-09	3.220231608e-10	-3.324790236e-10
196.369	0.627	-0.531	2.353907924e-09	4.35086904e-10	-4.45202452e-10
197.646	0.553	-0.65	2.238794144e-09	4.24548048e-10	-4.3425542e-10
198.762	0.599	-0.563	2.398771588e-09	4.44806304e-10	-4.54454312e-10
199.946	0.612	-0.585	2.327518104e-09	4.36100748e-10	-4.43391268e-10
201.125	0.567	-0.566	2.496083928e-09	4.68590704e-10	-4.73310724e-10
202.403	0.575	-0.711	2.19907924e-09	4.10285168e-10	-4.15593396e-10
203.699	0.510	-0.721	2.263580748e-09	4.23302568e-10	-4.30771568e-10
205.200	0.719	-0.991	1.65449602e-09	3.029180408e-10	-3.09588692e-10
206.698	0.605	-0.779	2.043641396e-09	3.695240608e-10	-3.798372172e-10
208.024	0.754	-0.721	1.877083472e-09	3.483668864e-10	-3.557887832e-10
209.573	0.764	-0.795	1.762900116e-09	3.290320704e-10	-3.351461744e-10
211.182	0.795	-0.846	1.674952932e-09	3.14703114e-10	-3.195427544e-10
212.761	0.675	-0.784	1.883293412e-09	3.488384228e-10	-3.565996644e-10
214.201	0.654	-0.766	1.935214796e-09	3.570297624e-10	-3.656444876e-10
215.826	0.903	-0.971	1.48862602e-09	2.8053855e-10	-2.828375276e-10
217.392	0.913	-0.664	1.7168321e-09	3.227890728e-10	-3.295601772e-10
219.035	0.774	-0.73	1.863098012e-09	3.3650852e-10	-3.4608436e-10
220.566	0.723	-0.757	1.895525112e-09	3.424267616e-10	-3.52104762e-10
222.076	0.890	-0.788	1.672413472e-09	3.055386316e-10	-3.125868844e-10
223.691	1.028	-0.725	1.57736744e-09	2.876845788e-10	-2.961645904e-10
225.510	0.728	-0.792	1.819328508e-09	3.389216084e-10	-3.455181904e-10
227.037	0.788	-0.799	1.74183288e-09	3.164513256e-10	-3.263100952e-10
228.568	0.775	-0.743	1.82147764e-09	3.36769644e-10	-3.445572308e-10
230.391	1.112	-1.048	1.270902536e-09	2.397784128e-10	-2.44412064e-10
232.313	0.654	-0.81	1.903290156e-09	3.60110172e-10	-3.644797116e-10
234.109	0.835	-1.142	1.388728824e-09	2.677927888e-10	-2.702197676e-10
235.758	0.890	-0.815	1.635094856e-09	3.063887396e-10	-3.11497652e-10
237.483	0.738	-0.835	1.745363292e-09	3.449650188e-10	-3.443922144e-10
239.148	0.768	-0.927	1.643676252e-09	3.159019564e-10	-3.174069308e-10
241.031	0.739	-1.115	1.528740564e-09	2.884599968e-10	-2.9066632e-10
243.107	0.910	-1.337	1.261485388e-09	2.338956344e-10	-2.37625556e-10
245.134	0.817	-1.117	1.465727036e-09	2.717389428e-10	-2.760833788e-10
247.071	1.035	-1.12	1.315628848e-09	2.469273128e-10	-2.49441902e-10
249.037	1.139	-0.932	1.307940628e-09	2.559984036e-10	-2.580451036e-10
250.884	0.972	-0.707	1.614435408e-09	3.16102048e-10	-3.185363212e-10
252.581	0.805	-0.725	1.855868408e-09	3.499819364e-10	-3.527493464e-10
254.551	0.967	-1.165	1.332258528e-09	2.525187032e-10	-2.539439824e-10
256.809	1.172	-1.292	1.135306236e-09	2.170684236e-10	-2.18614914e-10
258.848	0.957	-0.866	1.557090172e-09	2.913410908e-10	-2.947254208e-10
260.784	1.097	-0.979	1.331108108e-09	2.590484328e-10	-2.603165332e-10
263.040	0.976	-1.159	1.312410388e-09	2.524115764e-10	-2.549749372e-10
265.133	1.236	-1.116	1.227667308e-09	2.3279903e-10	-2.341456228e-10
267.095	0.818	-0.726	1.786690336e-09	3.498635188e-10	-3.525382744e-10
268.783	0.928	-0.87	1.605298008e-09	3.011637764e-10	-3.043673372e-10
271.060	1.252	-1.349	1.093023936e-09	2.06267008e-10	-2.090083832e-10
273.021	0.774	-0.708	1.931228872e-09	3.54737342e-10	-3.61999732e-10
274.888	0.851	-1.094	1.471847736e-09	2.747987108e-10	-2.78276704e-10
276.464	0.805	-0.725	1.870597276e-09	3.51057744e-10	-3.546401868e-10
278.622	1.260	-1.353	1.095116032e-09	2.046382228e-10	-2.07143306e-10
281.006	0.894	-1.124	1.355568792e-09	2.61033208e-10	-2.65105656e-10
282.906	0.963	-1.006	1.439226248e-09	2.683112732e-10	-2.734452892e-10
284.505	0.782	-0.635	2.0368157e-09	3.735494056e-10	-3.814777588e-10
286.412	0.984	-1.125	1.369908884e-09	2.5194489e-10	-2.569445028e-10
288.298	1.012	-0.902	1.48634652e-09	2.771287284e-10	-2.824127452e-10
290.364	0.901	-1.054	1.455225816e-09	2.737290724e-10	-2.777862332e-10
292.477	1.105	-1.211	1.228474736e-09	2.306948672e-10	-2.3429865e-10
294.208	0.532	-0.626	2.4960234e-09	4.58476708e-10	-4.67860876e-10
295.733	1.095	-0.993	1.373804404e-09	2.599546844e-10	-2.63695664e-10
297.843	0.970	-1.014	1.370933592e-09	2.699313672e-10	-2.729547408e-10
299.724	0.912	-0.912	1.585271388e-09	2.98862432e-10	-3.012651608e-10
302.139	1.369	-1.503	9.76912996e-10	1.91829916e-10	-1.92019842e-10
304.392	0.929	-0.884	1.551094408e-09	2.880643532e-10	-2.924472788e-10
306.606	1.177	-1.285	1.109316444e-09	2.105806368e-10	-2.127985224e-10
308.847	0.902	-1.064	1.389405884e-09	2.55871644e-10	-2.62258512e-10
310.984	1.543	-1.236	9.82909536e-10	1.821431856e-10	-1.861480828e-10
314.012	1.522	-1.485	9.22362524e-10	1.690540444e-10	-1.726860348e-10
316.756	1.038	-1.221	1.210072284e-09	2.24823108e-10	-2.294953264e-10
319.086	1.193	-1.292	1.116597652e-09	2.074390008e-10	-2.105620904e-10
321.196	0.920	-0.916	1.46674476e-09	2.751401896e-10	-2.81218714e-10
323.157	0.960	-1.041	1.345487e-09	2.545385148e-10	-2.591282832e-10
325.350	1.553	-1.233	9.92386048e-10	1.847175656e-10	-1.883923524e-10
328.219	0.709	-1.316	1.403804176e-09	2.578099368e-10	-2.631015584e-10
329.822	0.929	-0.894	1.558549828e-09	2.78714756e-10	-2.878935944e-10
332.078	1.105	-1.327	1.168645912e-09	2.155897944e-10	-2.19552128e-10
334.410	1.315	-1.227	1.084800276e-09	2.07095582e-10	-2.099325604e-10
336.725	1.018	-1	1.41728252e-09	2.648513608e-10	-2.680773868e-10
339.056	1.350	-1.313	1.027449996e-09	2.009952908e-10	-2.02624076e-10
341.411	1.088	-1.005	1.348446664e-09	2.582430224e-10	-2.598807704e-10
343.758	1.297	-1.26	1.08693738e-09	2.114131684e-10	-2.1245425e-10
346.336	1.333	-1.281	1.080691356e-09	2.06911864e-10	-2.082485628e-10
349.044	1.509	-1.375	9.96512428e-10	1.87429608e-10	-1.891357604e-10
351.887	1.199	-1.334	1.13437426e-09	2.131129576e-10	-2.151680772e-10
354.564	1.383	-1.477	9.59917432e-10	1.872026668e-10	-1.889879324e-10
357.186	1.217	-1.238	1.138834708e-09	2.152821492e-10	-2.179586896e-10
359.995	1.156	-1.592	1.014684796e-09	1.879540676e-10	-1.910377752e-10
362.322	0.907	-1.171	1.322321072e-09	2.459831148e-10	-2.509492044e-10
364.670	1.118	-1.441	1.090184552e-09	1.982715696e-10	-2.032738208e-10
366.984	0.906	-1.197	1.306662556e-09	2.384770996e-10	-2.4543231e-10
368.665	0.905	-0.775	1.694845304e-09	3.031478532e-10	-3.131109948e-10
371.141	1.211	-1.572	1.029654612e-09	1.867707064e-10	-1.917077736e-10
373.398	0.903	-1.046	1.470670544e-09	2.724043628e-10	-2.76881068e-10
375.420	1.249	-1.119	1.209893416e-09	2.242511572e-10	-2.278640192e-10
377.891	1.478	-1.223	9.94930552e-10	1.918304204e-10	-1.958989496e-10
380.836	1.204	-1.466	1.038740408e-09	1.912681696e-10	-1.960619096e-10
383.508	1.475	-1.468	9.00134004e-10	1.740025964e-10	-1.774809388e-10
386.048	1.044	-1.066	1.334397184e-09	2.473924472e-10	-2.513468656e-10
388.815	1.421	-1.723	8.96132948e-10	1.687388332e-10	-1.701885952e-10
391.449	1.346	-1.212	1.102974584e-09	2.058238732e-10	-2.084690632e-10
394.191	1.587	-1.397	9.31777732e-10	1.73518838e-10	-1.769321128e-10
397.260	0.935	-1.481	1.133344896e-09	2.13387972e-10	-2.17726588e-10
399.450	1.288	-1.256	1.060466468e-09	2.026402556e-10	-2.065538176e-10
401.824	1.530	-1.085	1.08248314e-09	1.99962202e-10	-2.035090264e-10
404.364	1.089	-1.01	1.308554444e-09	2.498296304e-10	-2.532312652e-10
406.675	1.265	-1.222	1.121373932e-09	2.118145156e-10	-2.145276056e-10
409.832	1.677	-1.892	7.947307e-10	1.484874448e-10	-1.50305768e-10
412.865	1.277	-1.356	1.05584694e-09	2.022952848e-10	-2.047072868e-10
415.514	1.584	-1.371	9.69518104e-10	1.807657856e-10	-1.831607544e-10
418.317	1.406	-1.22	1.074869804e-09	2.024940572e-10	-2.05345314e-10
421.060	1.171	-1.336	1.131685808e-09	2.08571922e-10	-2.12503332e-10
423.742	1.372	-1.512	9.4988802e-10	1.753663776e-10	-1.795436244e-10
426.479	1.297	-1.365	1.044733068e-09	1.89266788e-10	-1.943899012e-10
428.873	0.970	-1.098	1.345036144e-09	2.431237488e-10	-2.499590284e-10
431.105	1.549	-1.262	9.817273e-10	1.815364312e-10	-1.857204292e-10
434.308	1.474	-1.654	9.03649284e-10	1.723148352e-10	-1.747632316e-10
437.286	1.422	-1.504	9.657223e-10	1.866930288e-10	-1.881344488e-10
440.187	1.338	-1.479	1.03419072e-09	1.9637359e-10	-1.973083208e-10
443.228	1.405	-1.703	9.14098512e-10	1.726750544e-10	-1.739011344e-10
445.946	1.258	-1.313	1.068765788e-09	2.019766204e-10	-2.045184084e-10
448.792	1.531	-1.588	8.80974952e-10	1.640294444e-10	-1.672697876e-10
451.267	0.945	-0.945	1.476071892e-09	2.7211119e-10	-2.772072984e-10
453.716	1.549	-1.504	9.20536596e-10	1.712371264e-10	-1.736966972e-10
456.736	1.623	-1.471	8.620002e-10	1.692428064e-10	-1.71360782e-10
459.822	1.402	-1.463	9.60386136e-10	1.82810856e-10	-1.855629788e-10
462.436	1.265	-1.213	1.126949492e-09	2.103652968e-10	-2.142610884e-10
465.164	1.233	-1.462	1.003883264e-09	1.885795624e-10	-1.926208152e-10
468.039	1.523	-1.642	8.378472e-10	1.583793496e-10	-1.62250154e-10
470.883	1.695	-1.321	9.06630288e-10	1.665407356e-10	-1.70902942e-10
474.274	1.467	-1.697	8.82585152e-10	1.609020092e-10	-1.647781292e-10
476.796	1.326	-1.055	1.188336912e-09	2.179676136e-10	-2.225806232e-10
479.450	1.281	-1.329	1.067791908e-09	1.996529272e-10	-2.031902844e-10
482.021	1.182	-1.289	1.14470476e-09	2.121658496e-10	-2.155845564e-10
484.771	1.392	-1.568	9.31452976e-10	1.7816863e-10	-1.804337352e-10
487.612	1.328	-1.449	1.044698536e-09	1.965684824e-10	-1.98323872e-10
490.556	1.953	-1.616	7.768148e-10	1.517489728e-10	-1.530784548e-10
493.755	0.925	-1.246	1.316890624e-09	2.46963164e-10	-2.509829992e-10
496.301	1.616	-1.622	8.79698044e-10	1.620363272e-10	-1.65136098e-10
499.344	1.461	-1.426	9.65528688e-10	1.77239176e-10	-1.809229256e-10
501.839	1.159	-1.033	1.253127092e-09	2.32458172e-10	-2.374655448e-10
504.651	1.641	-1.654	8.33605972e-10	1.542546768e-10	-1.577599464e-10
507.753	1.501	-1.461	9.15155036e-10	1.714659688e-10	-1.753534572e-10
510.630	1.156	-1.376	1.071772788e-09	2.003247104e-10	-2.050961404e-10
513.260	1.173	-1.474	1.05625822e-09	1.914292672e-10	-1.965760484e-10
515.648	1.052	-1.214	1.215385944e-09	2.242434748e-10	-2.296509144e-10
517.943	1.200	-1.243	1.137945024e-09	2.119047256e-10	-2.16076424e-10
520.506	1.519	-1.363	9.69205764e-10	1.813827056e-10	-1.845173576e-10
523.901	1.574	-1.876	8.21926008e-10	1.515067832e-10	-1.543509396e-10
527.280	1.804	-1.806	7.69334548e-10	1.42115282e-10	-1.454604628e-10
530.512	1.284	-1.427	1.012308684e-09	1.858781124e-10	-1.90782122e-10
533.855	2.039	-2.059	6.59818444e-10	1.233124528e-10	-1.262559372e-10
537.259	1.424	-1.365	9.2472428e-10	1.817117684e-10	-1.8507503e-10
539.984	1.435	-1.301	9.81175564e-10	1.881901268e-10	-1.914863032e-10
542.621	1.802	-1.202	9.09012996e-10	1.715048852e-10	-1.748210824e-10
546.571	1.394	-2.148	7.94215436e-10	1.471849288e-10	-1.49566434e-10
549.149	1.447	-1.185	1.051982848e-09	1.990607616e-10	-2.014418012e-10
552.697	2.005	-2.101	6.72248024e-10	1.249351464e-10	-1.275134452e-10
556.003	1.734	-1.301	8.95800432e-10	1.691628784e-10	-1.723603476e-10
559.380	1.535	-1.642	8.66047428e-10	1.641707152e-10	-1.659960612e-10
561.884	1.553	-0.97	1.096626128e-09	2.01657568e-10	-2.056751528e-10
564.812	1.482	-1.374	9.68849192e-10	1.756896592e-10	-1.803622656e-10
568.152	2.062	-1.859	6.84635312e-10	1.306238472e-10	-1.324466712e-10
572.120	1.665	-1.906	7.8282104e-10	1.445234816e-10	-1.471276988e-10
575.015	1.677	-1.23	9.21475944e-10	1.756494624e-10	-1.79247852e-10
578.347	1.952	-1.655	7.65848368e-10	1.444770768e-10	-1.464167276e-10
581.761	1.269	-1.462	1.027004184e-09	1.943754288e-10	-1.966802652e-10
584.548	1.257	-1.519	1.025321428e-09	1.938202396e-10	-1.962315432e-10
587.365	1.059	-1.56	1.086604864e-09	2.065706956e-10	-2.08585696e-10
589.900	1.415	-1.476	9.9911552e-10	1.873934076e-10	-1.893480352e-10
593.085	1.874	-1.77	7.95545112e-10	1.467275156e-10	-1.494413816e-10
596.607	1.687	-1.649	8.44546408e-10	1.61422938e-10	-1.635374604e-10
600.106	1.794	-1.812	7.81213556e-10	1.507731916e-10	-1.520578208e-10
603.664	1.624	-1.763	8.12194968e-10	1.53029722e-10	-1.560874724e-10
606.863	1.894	-1.575	7.83527976e-10	1.463409124e-10	-1.498774936e-10
610.073	1.398	-1.316	1.032480028e-09	1.870173968e-10	-1.92093562e-10
613.405	1.800	-1.934	7.42401916e-10	1.359883352e-10	-1.397289656e-10
616.848	1.677	-1.643	8.13518824e-10	1.549239768e-10	-1.581669584e-10
620.163	1.755	-1.638	7.96027396e-10	1.53673802e-10	-1.558840052e-10
624.260	1.650	-2.343	7.09214724e-10	1.329878536e-10	-1.343888052e-10
627.529	1.662	-1.619	8.51994844e-10	1.611621632e-10	-1.631165192e-10
630.708	1.220	-1.518	1.03620638e-09	1.937632424e-10	-1.960609784e-10
633.594	1.425	-1.665	9.04476888e-10	1.7260083e-10	-1.739787344e-10
637.080	2.036	-2.061	6.7848202e-10	1.306936484e-10	-1.319200776e-10
641.245	2.148	-2.129	6.69830396e-10	1.261593252e-10	-1.272288472e-10
644.967	1.777	-1.573	8.37231056e-10	1.600188436e-10	-1.611906036e-10
648.451	1.927	-1.708	7.69748932e-10	1.411516064e-10	-1.441555412e-10
652.253	1.897	-1.875	7.41786936e-10	1.371081808e-10	-1.395012484e-10
656.368	2.075	-2.218	6.61955936e-10	1.239377536e-10	-1.253323808e-10
660.552	1.780	-2.109	7.24054948e-10	1.39812308e-10	-1.409657544e-10
664.315	1.636	-1.983	7.90040168e-10	1.522707552e-10	-1.528046432e-10
667.767	1.676	-1.816	8.22721408e-10	1.581572972e-10	-1.580839264e-10
671.249	1.752	-1.806	7.56574004e-10	1.518862084e-10	-1.522430908e-10
674.674	1.552	-1.672	8.74532988e-10	1.666216336e-10	-1.680747324e-10
678.197	1.973	-1.972	7.31601548e-10	1.385731912e-10	-1.393877584e-10
682.024	2.151	-1.854	7.13452848e-10	1.36760882e-10	-1.375709872e-10
685.612	1.733	-1.437	9.01230492e-10	1.716501912e-10	-1.7317507e-10
689.355	1.815	-2.01	7.32667384e-10	1.382811824e-10	-1.401059076e-10
692.634	1.491	-1.464	9.57941348e-10	1.779566268e-10	-1.806272696e-10
695.901	2.277	-1.776	6.8812964e-10	1.286613044e-10	-1.30942434e-10
700.657	2.371	-2.479	5.67668056e-10	1.071473252e-10	-1.091973232e-10
704.912	1.943	-1.884	7.08944676e-10	1.379732656e-10	-1.394295848e-10
709.036	1.911	-2.181	6.76435708e-10	1.3324502e-10	-1.33191476e-10
712.809	1.952	-1.862	7.3309496e-10	1.434124048e-10	-1.437615272e-10
716.618	1.899	-1.857	7.67289012e-10	1.462760388e-10	-1.467175828e-10
720.809	2.211	-2.292	6.22515736e-10	1.213858776e-10	-1.2185334e-10
725.242	2.014	-2.222	6.72826144e-10	1.285418004e-10	-1.29503342e-10
728.925	1.700	-1.67	8.58546612e-10	1.649961464e-10	-1.649396148e-10
732.589	2.317	-1.963	6.77345956e-10	1.291020336e-10	-1.295065236e-10
737.485	2.607	-2.579	5.34371836e-10	1.052648268e-10	-1.057820696e-10
742.338	1.982	-2.246	6.46770004e-10	1.254462976e-10	-1.269709824e-10
746.157	1.846	-1.837	7.59631832e-10	1.422333116e-10	-1.446567596e-10
749.945	1.997	-1.942	6.8886296e-10	1.32953632e-10	-1.348809056e-10
754.285	1.987	-2.344	6.50681432e-10	1.225051412e-10	-1.242668552e-10
758.221	1.867	-1.949	7.38857536e-10	1.39232248e-10	-1.411738388e-10
762.047	2.238	-1.959	6.80054196e-10	1.2810014e-10	-1.291816512e-10
766.553	2.343	-2.268	6.03833536e-10	1.148002372e-10	-1.159225272e-10
770.782	2.010	-1.886	7.03937536e-10	1.338515804e-10	-1.359360716e-10
775.067	1.886	-2.274	6.72834292e-10	1.26968732e-10	-1.286536996e-10
779.573	2.136	-2.621	5.89029396e-10	1.112062708e-10	-1.126583608e-10
784.224	2.140	-2.514	5.83880248e-10	1.106832856e-10	-1.132409428e-10
788.454	1.603	-2.09	7.35597172e-10	1.417318992e-10	-1.4390338e-10
792.098	2.459	-2.04	6.13192872e-10	1.1768719e-10	-1.18994168e-10
796.701	1.828	-2.145	6.79093896e-10	1.285233704e-10	-1.308160624e-10
800.884	2.501	-2.354	5.45637028e-10	1.029187072e-10	-1.0553794e-10
805.002	1.286	-1.618	9.56938756e-10	1.72861372e-10	-1.777729088e-10
808.536	2.255	-2.248	6.21219816e-10	1.123709692e-10	-1.154923516e-10
812.901	1.717	-2.11	7.309629e-10	1.329581716e-10	-1.363045552e-10
816.775	2.258	-2.157	6.21988056e-10	1.163511508e-10	-1.190773552e-10
820.861	2.621	-1.827	6.33941172e-10	1.181029708e-10	-1.204019484e-10
825.946	2.733	-2.464	5.28006308e-10	1.0354653e-10	-1.042667744e-10
830.798	2.318	-2.119	6.53819576e-10	1.241528996e-10	-1.24741612e-10
834.949	1.829	-1.834	7.80215232e-10	1.493770124e-10	-1.503452276e-10
839.089	2.311	-2.31	6.27683508e-10	1.175486352e-10	-1.18858562e-10
844.292	2.836	-2.893	4.91192092e-10	9.4995204e-11	-9.57104432e-11
849.332	2.226	-2.204	6.49962468e-10	1.252640152e-10	-1.257066844e-10
853.559	1.838	-2.001	7.6484112e-10	1.468755376e-10	-1.468691356e-10
857.103	2.225	-1.706	7.46021956e-10	1.4151039e-10	-1.422550396e-10
860.858	2.026	-1.53	7.9682202e-10	1.485394368e-10	-1.505214572e-10
865.255	2.840	-2.371	5.19648788e-10	9.96231904e-11	-1.013901812e-10
870.708	2.143	-2.613	5.87326464e-10	1.09562664e-10	-1.1162663e-10
875.531	2.301	-2.68	5.52361844e-10	1.047562364e-10	-1.065196964e-10
880.236	2.128	-2.404	6.22657356e-10	1.171320008e-10	-1.188657788e-10
885.357	2.614	-2.994	5.14446872e-10	9.98454756e-11	-1.00111954e-10
890.183	2.385	-2.212	6.27867808e-10	1.19298554e-10	-1.1983186e-10
894.860	1.779	-2.292	6.8668046e-10	1.31142254e-10	-1.321432164e-10
899.586	2.572	-2.947	4.9140782e-10	9.51080732e-11	-9.63596836e-11
904.781	2.320	-2.623	5.67097308e-10	1.072286112e-10	-1.08549208e-10
909.195	1.764	-2.095	7.37246948e-10	1.37149852e-10	-1.391155376e-10
914.264	2.829	-3.305	4.4127628e-10	8.5394144e-11	-8.65231464e-11
919.711	1.905	-2.618	6.25981352e-10	1.162600872e-10	-1.18018542e-10
925.002	2.543	-3.385	4.70569504e-10	8.81088636e-11	-8.9610346e-11
930.124	2.551	-2.58	5.43678016e-10	1.019331484e-10	-1.03605118e-10
935.729	2.798	-3.053	4.81741964e-10	9.19774564e-11	-9.26901348e-11
940.856	2.499	-2.329	5.76522992e-10	1.10893892e-10	-1.120120304e-10
945.625	2.439	-2.27	5.79090388e-10	1.116057944e-10	-1.133013156e-10
950.080	2.528	-2.016	6.17870212e-10	1.161819052e-10	-1.179230164e-10
954.940	2.276	-2.332	6.18956612e-10	1.145222352e-10	-1.164637096e-10
960.133	3.359	-2.916	4.48288992e-10	8.38310084e-11	-8.53106852e-11
965.626	1.840	-2.135	7.1637992e-10	1.309943872e-10	-1.339608024e-10
969.913	2.416	-2.447	5.6623556e-10	1.07249214e-10	-1.09121314e-10
975.411	2.930	-3.083	4.65610088e-10	8.61835688e-11	-8.81293112e-11
980.924	2.755	-2.583	5.34258152e-10	9.88479664e-11	-1.005251352e-10
986.580	1.979	-2.901	5.65042848e-10	1.081426228e-10	-1.094888276e-10
990.535	2.068	-1.976	6.88346144e-10	1.302493496e-10	-1.318099244e-10
994.789	2.191	-2.186	6.4558738e-10	1.19511178e-10	-1.215077872e-10
999.137	2.179	-2.157	6.61553192e-10	1.24874308e-10	-1.258073704e-10
1004.289	2.482	-2.973	5.140612e-10	9.94817644e-11	-1.0020488e-10
1008.950	2.444	-2.18	6.1314864e-10	1.122494088e-10	-1.147272156e-10
1014.170	2.359	-2.776	5.34827348e-10	9.91281024e-11	-1.01303114e-10
1019.194	3.012	-2.665	4.82325904e-10	9.21044488e-11	-9.33507436e-11
1025.212	2.595	-3.006	5.04668108e-10	9.54791952e-11	-9.66346204e-11
1029.937	2.245	-2.13	6.52410748e-10	1.18534e-10	-1.21579994e-10
1034.539	2.551	-2.357	5.7802494e-10	1.075172056e-10	-1.090678476e-10
1039.932	2.255	-2.842	5.40134412e-10	1.050781988e-10	-1.055893112e-10
1045.633	2.649	-3.446	4.65469244e-10	8.670636e-11	-8.78939116e-11
1050.709	2.546	-2.426	5.66813292e-10	1.063808312e-10	-1.080721232e-10
1056.674	2.575	-3.419	4.83859668e-10	9.03319872e-11	-9.14802732e-11
1061.740	1.648	-2.491	6.9393606e-10	1.302967244e-10	-1.315896568e-10
1066.305	2.284	-2.918	5.35749624e-10	1.00865644e-10	-1.023166476e-10
1071.800	2.244	-3.211	5.14855824e-10	9.37250472e-11	-9.60410192e-11
1076.979	2.129	-2.935	5.46533308e-10	9.77184208e-11	-1.00946542e-10
1082.236	2.785	-3.129	4.64277696e-10	8.82616192e-11	-8.96501936e-11
1087.921	2.878	-2.899	4.96167416e-10	9.76305388e-11	-9.76312372e-11
1092.946	2.555	-2.147	6.07798896e-10	1.19516222e-10	-1.195456712e-10
1098.564	2.549	-3.064	5.18647748e-10	9.9259518e-11	-9.93953956e-11
1103.759	2.107	-2.646	5.80335092e-10	1.130572636e-10	-1.141941424e-10
1107.881	2.174	-2.015	6.54050824e-10	1.244071948e-10	-1.26324652e-10
1112.575	2.409	-2.519	5.64549312e-10	1.056085948e-10	-1.074552032e-10
1118.674	2.685	-3.69	4.47161852e-10	8.34951168e-11	-8.45436092e-11
1124.327	2.301	-2.969	5.25182444e-10	9.94338464e-11	-1.011887316e-10
1128.753	2.035	-2.125	6.851498e-10	1.271910948e-10	-1.291431228e-10
1133.495	2.401	-2.707	5.4969124e-10	1.04048796e-10	-1.052770488e-10
1138.178	2.476	-2.283	5.96514692e-10	1.12339192e-10	-1.139393428e-10
1143.583	3.012	-2.928	4.71823132e-10	9.10574696e-11	-9.183281e-11
1149.348	3.622	-2.753	4.50294564e-10	8.35611932e-11	-8.48591308e-11
1155.808	2.570	-2.838	5.218018e-10	9.79673616e-11	-9.95098944e-11
1161.670	2.782	-3.292	4.50815648e-10	8.28863448e-11	-8.50220132e-11
1166.881	2.660	-2.428	5.2224606e-10	9.98473768e-11	-1.017495856e-10
1171.991	2.558	-2.45	5.56922396e-10	1.0264346e-10	-1.045774848e-10
1177.509	2.527	-2.96	5.0223108e-10	9.238086e-11	-9.47404044e-11
1182.633	2.667	-2.598	5.31473864e-10	9.895067e-11	-1.009063064e-10
1188.278	3.319	-2.978	4.46615548e-10	8.45994424e-11	-8.55697528e-11
1194.405	2.751	-2.809	5.27411116e-10	9.99122892e-11	-1.004994108e-10
1200.361	2.437	-3.205	5.14132592e-10	9.49770068e-11	-9.6660112e-11
1205.775	2.410	-2.977	5.2173002e-10	9.90729676e-11	-1.000920496e-10
1210.869	2.977	-2.684	5.08787892e-10	9.47258932e-11	-9.60469168e-11
1216.639	3.015	-2.793	4.82143156e-10	9.43820476e-11	-9.51235544e-11
1223.212	2.541	-3.559	3.194161888e-10	6.90884828e-11	-6.94674424e-11
1229.155	3.420	-3.401	4.28195248e-10	8.17980436e-11	-8.19758252e-11
1235.209	2.581	-2.634	5.26084544e-10	9.80500056e-11	-9.93771596e-11
1240.776	3.726	-2.987	4.08884488e-10	7.37561228e-11	-7.589668e-11
1247.142	3.084	-2.64	3.303360996e-10	7.01144712e-11	-7.11227668e-11
1253.109	3.824	-2.883	4.2610936e-10	8.00632956e-11	-8.08352216e-11
1259.962	2.564	-3.029	5.15390876e-10	9.9787198e-11	-9.99623024e-11
1265.431	3.049	-2.904	4.66323232e-10	8.780828e-11	-8.95892388e-11
1271.199	3.233	-2.72	3.145090364e-10	6.61719644e-11	-6.73980056e-11
1277.674	3.821	-3.242	3.851651168e-10	7.21197716e-11	-7.37755228e-11
1284.031	2.736	-2.535	5.094537e-10	9.9514628e-11	-1.003908096e-10
1289.258	2.495	-2.491	3.74465978e-10	8.15743616e-11	-8.25508024e-11
1294.191	2.175	-2.437	6.21227576e-10	1.167480748e-10	-1.178570952e-10
1298.948	2.849	-2.583	3.770890132e-10	8.02109296e-11	-8.07421792e-11
1304.082	2.849	-2.285	3.696268808e-10	7.90113112e-11	-7.98809744e-11
1309.719	2.713	-2.788	4.93165848e-10	9.23427584e-11	-9.44636052e-11
1315.454	3.505	-3.021	4.1564888e-10	7.82585524e-11	-7.984943e-11
1322.047	2.854	-3.088	4.80521704e-10	9.08889612e-11	-9.19945284e-11
1327.923	2.332	-3.023	5.22708168e-10	9.5734344e-11	-9.83556332e-11
1333.709	3.473	-3.453	3.762394096e-10	7.1874672e-11	-7.37067304e-11
1340.350	3.338	-3.168	4.26232744e-10	8.0384482e-11	-8.14749172e-11
1346.345	3.257	-2.657	4.74390528e-10	8.98690644e-11	-9.08951304e-11
1352.557	3.729	-2.955	4.33891088e-10	8.25627528e-11	-8.2882038e-11
1359.564	4.237	-3.278	3.786758168e-10	7.19112604e-11	-7.26512152e-11
1366.446	2.233	-2.645	3.875704452e-10	8.26864472e-11	-8.36725492e-11
1371.707	3.563	-3.027	4.1718148e-10	7.94876588e-11	-8.0647934e-11
1378.043	2.772	-2.774	5.02766908e-10	9.46925252e-11	-9.60374108e-11
1383.319	2.488	-2.504	3.667790384e-10	7.95672764e-11	-8.06777324e-11
1388.271	3.462	-2.464	2.94122236e-10	6.65226e-11	-6.7518208e-11
1394.563	2.077	-2.83	3.784662968e-10	8.16543284e-11	-8.21986148e-11
1399.746	3.557	-3.105	4.0523302e-10	7.5997948e-11	-7.76840796e-11
1405.646	2.752	-2.343	5.27209356e-10	9.95888524e-11	-1.020552908e-10
1411.624	2.939	-3.225	4.56422636e-10	8.36848876e-11	-8.5471938e-11
1417.792	3.227	-3.229	4.18589144e-10	8.03080848e-11	-8.17039148e-11
1424.310	2.826	-3.291	4.64721956e-10	8.71738224e-11	-8.8289788e-11
1429.919	3.099	-2.783	4.71168188e-10	8.77646688e-11	-8.94800944e-11
1435.832	2.911	-2.814	4.7204274e-10	8.93522096e-11	-9.09378104e-11
1441.633	2.794	-2.89	4.708865e-10	8.80245124e-11	-9.01126508e-11
1447.191	2.159	-2.764	3.738658196e-10	8.16151016e-11	-8.25099848e-11
1452.463	3.217	-3.113	4.43114236e-10	8.35813692e-11	-8.47085092e-11
1457.982	2.781	-2.302	3.651561508e-10	7.91529312e-11	-8.02871716e-11
1464.140	3.323	-3.377	4.2498416e-10	7.7799238e-11	-7.95189316e-11
1470.831	2.658	-3.368	4.55794076e-10	8.5661864e-11	-8.74761908e-11
1476.793	3.064	-3.304	4.40826976e-10	8.16522332e-11	-8.2993782e-11
1483.067	2.369	-3.211	3.067049208e-10	6.86874072e-11	-7.00219332e-11
1488.778	2.915	-3.342	4.44336436e-10	8.09269448e-11	-8.29124572e-11
1495.056	2.745	-3.363	3.07583314e-10	6.48962204e-11	-6.60136216e-11
1500.318	3.214	-2.517	3.85766672e-10	7.75380364e-11	-7.87328048e-11
1506.080	3.165	-2.549	4.92805396e-10	9.28613204e-11	-9.41591028e-11
1512.567	3.343	-3.321	4.19225464e-10	8.0621744e-11	-8.14440712e-11
1519.019	3.638	-3.109	3.815934216e-10	7.36408868e-11	-7.48988216e-11
1525.277	2.710	-2.62	3.51771276e-10	7.42477964e-11	-7.55127928e-11
1530.571	2.666	-2.584	3.828168632e-10	7.92985864e-11	-8.05197e-11
1536.036	2.286	-2.798	3.662317256e-10	8.0054876e-11	-8.08819756e-11
1541.854	3.115	-3.532	4.21576356e-10	7.98272752e-11	-8.07557592e-11
1547.580	3.580	-2.611	3.786141248e-10	7.5247944e-11	-7.6395648e-11
1553.667	3.539	-2.507	4.59548752e-10	8.49410376e-11	-8.69169664e-11
1560.178	2.655	-2.972	3.187665604e-10	7.07812492e-11	-7.17120612e-11
1565.985	3.515	-3.152	3.65820756e-10	7.11079064e-11	-7.2357344e-11
1572.307	2.473	-2.807	3.512731228e-10	7.35400844e-11	-7.50707444e-11
1577.986	2.078	-3.206	3.40748196e-10	7.25156092e-11	-7.41653076e-11
1583.415	3.351	-3.351	2.77753292e-10	5.77975276e-11	-5.91549456e-11
1590.150	3.266	-3.384	4.30413056e-10	7.94900256e-11	-8.09086312e-11
1596.179	3.576	-2.763	4.31016008e-10	8.09382356e-11	-8.26846236e-11
1603.055	2.882	-3.3	2.9920523e-10	6.3288232e-11	-6.43015716e-11
1609.062	2.888	-3.124	4.57606812e-10	8.77664536e-11	-8.87698216e-11
1614.380	2.683	-2.431	3.825314504e-10	8.08261812e-11	-8.17250996e-11
1620.611	3.454	-3.548	4.06230568e-10	7.53523936e-11	-7.69771048e-11
1627.014	3.901	-2.949	4.1624252e-10	7.66066812e-11	-7.8102072e-11
1633.542	3.184	-2.627	3.200374156e-10	6.79373256e-11	-6.89100804e-11
1639.457	2.769	-2.732	5.0748072e-10	9.19712872e-11	-9.44440112e-11
1645.044	3.802	-2.818	4.0941954e-10	7.64477952e-11	-7.83027456e-11
1651.713	2.439	-2.866	3.60732524e-10	7.5509068e-11	-7.66868808e-11
1657.337	3.200	-3.186	4.2288508e-10	7.94956516e-11	-8.11720832e-11
1664.255	3.376	-3.718	2.641175364e-10	5.56026116e-11	-5.66167272e-11
1670.918	2.806	-3.288	3.076197084e-10	6.43102628e-11	-6.56890984e-11
1676.797	2.981	-3.073	4.50788876e-10	8.52804988e-11	-8.68184144e-11
1682.707	3.802	-2.928	4.1509404e-10	7.69267036e-11	-7.8170748e-11
1689.126	2.560	-2.617	3.828933768e-10	7.88720192e-11	-8.0296212e-11
1694.979	3.044	-3.293	4.32250624e-10	8.238404e-11	-8.3574036e-11
1700.492	2.789	-2.469	3.431003684e-10	7.61501992e-11	-7.71679232e-11
1705.788	3.000	-2.508	3.3878317e-10	7.36724312e-11	-7.46155816e-11
1711.919	1.776	-3.131	3.858325544e-10	8.29566504e-11	-8.36403064e-11
1716.637	2.271	-2.942	3.436404644e-10	7.4169692e-11	-7.53787388e-11
1722.033	3.609	-3.125	2.73128138e-10	5.6701544e-11	-5.80912436e-11
1727.995	2.504	-2.353	3.572215508e-10	8.036159e-11	-8.1763628e-11
1733.620	1.809	-3.121	3.734306388e-10	7.82168036e-11	-7.98276632e-11
1738.645	2.803	-3.216	2.88002118e-10	6.24114684e-11	-6.39108556e-11
1744.605	2.835	-3.158	4.51531896e-10	8.23706152e-11	-8.47883596e-11
1749.971	2.374	-2.531	3.779592196e-10	7.9474622e-11	-8.09686548e-11
1755.421	2.403	-3.076	3.312462312e-10	7.18802204e-11	-7.28733064e-11
1760.786	3.065	-2.961	3.016815624e-10	6.55102692e-11	-6.63936676e-11
1766.109	2.921	-2.258	3.570105564e-10	7.58001456e-11	-7.68788244e-11
1771.929	2.858	-2.899	4.7824492e-10	8.65259788e-11	-8.89148948e-11
1777.385	3.410	-2.599	3.096224868e-10	6.45511332e-11	-6.60144364e-11
1784.236	4.030	-3.441	3.726320572e-10	6.98584688e-11	-7.10068712e-11
1791.117	3.503	-2.852	2.819655364e-10	6.11413116e-11	-6.20050772e-11
1797.289	2.702	-2.669	3.123892372e-10	7.25975936e-11	-7.35416752e-11
1803.370	2.738	-3.379	3.015612436e-10	6.5857762e-11	-6.6567414e-11
1808.652	3.820	-2.543	2.709864944e-10	6.23103556e-11	-6.34227128e-11
NO NO NO NO NO NO
! PC_incbad
1838.229	25.268	-19.863	1.3270279e-10	2.989729732e-11	-2.989729732e-11
1883.487	10.097	-19.99	3.822255512e-10	7.97941012e-11	-7.97941012e-11
1910.615	15.564	-17.031	3.037345092e-10	6.81026912e-11	-6.81026912e-11
1945.448	28.370	-19.269	2.072060456e-10	4.6586578e-11	-4.6586578e-11
2002.718	28.768	-28.9	1.722801092e-10	3.88138904e-11	-3.88138904e-11
2052.910	13.679	-21.424	2.828456368e-10	6.3592812e-11	-6.3592812e-11
2087.291	19.414	-20.703	2.730399844e-10	5.83569072e-11	-5.83569072e-11
2125.345	29.000	-18.639	2.092622128e-10	4.69203356e-11	-4.69203356e-11
2173.744	23.225	-19.399	2.326404156e-10	5.21265196e-11	-5.21265196e-11
2243.632	41.091	-46.663	2.191143088e-10	3.53456942e-11	-3.53456942e-11
5572.129	14.482	-15.605	1.04469388e-10	2.230699688e-11	-2.230699688e-11
5610.417	16.311	-23.806	7.41726408e-11	1.623771852e-11	-1.623771852e-11
5641.227	15.589	-14.499	1.011072516e-10	2.216974576e-11	-2.216974576e-11
5674.487	12.417	-17.671	9.28823112e-11	2.0856649e-11	-2.0856649e-11
5711.280	18.249	-24.376	7.19226676e-11	1.540449628e-11	-1.540449628e-11
5752.155	25.012	-22.626	1.05764532e-10	1.768514864e-11	-1.768514864e-11
6153.981	11.160	-13.913	9.06467716e-11	2.033572408e-11	-2.033572408e-11
6181.429	18.814	-16.288	7.08754944e-11	1.555104e-11	-1.555104e-11
6215.907	14.424	-15.663	7.73269644e-11	1.733333352e-11	-1.733333352e-11
6250.531	14.903	-20.199	8.13792752e-11	1.629716788e-11	-1.629716788e-11
6276.167	14.341	-10.733	1.032669372e-10	2.159403136e-11	-2.159403136e-11
6305.548	10.032	-15.041	8.97191024e-11	2.007821624e-11	-2.007821624e-11
6329.485	13.676	-13.905	8.573054e-11	1.87517296e-11	-1.87517296e-11
6366.248	22.044	-23.087	5.257691e-11	1.15180516e-11	-1.15180516e-11
6401.579	9.280	-13.286	9.92507104e-11	2.219313828e-11	-2.219313828e-11
6431.657	24.333	-20.799	5.01358468e-11	1.128450664e-11	-1.128450664e-11
6465.012	16.051	-9.022	8.9722866e-11	2.014497164e-11	-2.014497164e-11
6505.349	15.831	-24.286	6.07835368e-11	1.3336724e-11	-1.3336724e-11
6541.105	17.685	-19.925	6.13027196e-11	1.373014436e-11	-1.373014436e-11
6572.699	16.179	-13.909	7.75095572e-11	1.733166512e-11	-1.733166512e-11
6615.069	23.955	-26.191	5.02889516e-11	1.076161844e-11	-1.076161844e-11
6656.317	17.809	-17.293	6.6404066e-11	1.488489832e-11	-1.488489832e-11
6691.422	12.789	-17.296	9.73811712e-11	1.951451432e-11	-1.951451432e-11
7967.590	15.426	-19.676	6.22885112e-11	1.395505632e-11	-1.395505632e-11
8000.979	14.632	-17.963	7.13168444e-11	1.55769196e-11	-1.55769196e-11
8039.682	28.583	-24.071	5.72596432e-11	1.08359864e-11	-1.08359864e-11
11911.735	21.443	-18.674	4.36401836e-11	9.7661152e-12	-9.7661152e-12
11961.751	29.095	-28.573	3.130375852e-11	7.02806516e-12	-7.02806516e-12
12023.491	20.009	-32.645	3.585505672e-11	7.83624976e-12	-7.83624976e-12
12064.925	21.199	-21.425	4.32998688e-11	9.47791656e-12	-9.47791656e-12
12110.313	20.943	-24.189	3.94681748e-11	8.84675308e-12	-8.84675308e-12
12178.354	45.671	-47.098	3.548824152e-11	5.85464452e-12	-5.85464452e-12
13745.235	26.712	-38.478	2.54974394e-11	5.72371004e-12	-5.72371004e-12
13803.874	48.307	-31.926	2.223118944e-11	4.8829606e-12	-4.8829606e-12
18863.226	53.920	-51.387	1.647799916e-11	3.7038674e-12	-3.7038674e-12
18966.150	51.288	-49.004	1.737427528e-11	3.90532864e-12	-3.90532864e-12
19067.273	30.399	-49.834	2.297012768e-11	5.03328344e-12	-5.03328344e-12
19125.998	29.342	-28.326	3.06819148e-11	6.86664164e-12	-6.86664164e-12
19205.638	49.995	-50.298	1.813266784e-11	3.97988672e-12	-3.97988672e-12
19302.633	35.741	-47	2.122052704e-11	4.76572252e-12	-4.76572252e-12
19367.825	33.232	-29.451	2.84354336e-11	6.38049316e-12	-6.38049316e-12
19445.922	37.876	-44.865	2.137886208e-11	4.80127884e-12	-4.80127884e-12
19555.743	78.491	-71.945	1.90960214e-11	3.339991688e-12	-3.339991688e-12
24816.767	42.466	-77.885	1.477315432e-11	3.246716876e-12	-3.246716876e-12
24901.548	32.905	-42.315	2.411695868e-11	5.27933752e-12	-5.27933752e-12
24973.924	63.328	-39.471	1.676674876e-11	3.770928156e-12	-3.770928156e-12
25084.257	40.751	-47.005	2.021583208e-11	4.5428786e-12	-4.5428786e-12
25166.367	51.411	-41.359	1.916069712e-11	4.3022022e-12	-4.3022022e-12
25265.229	32.784	-47.45	2.281994064e-11	4.99541464e-12	-4.99541464e-12
25347.679	68.175	-49.666	1.627946344e-11	3.483853164e-12	-3.483853164e-12
29935.051	62.215	-68.166	1.36973506e-11	3.07770912e-12	-3.07770912e-12
30055.041	50.039	-57.776	1.640827944e-11	3.692820652e-12	-3.692820652e-12
30165.734	64.712	-60.654	1.405640968e-11	3.15327794e-12	-3.15327794e-12
30297.430	55.875	-66.984	1.565302968e-11	3.364360804e-12	-3.364360804e-12
30450.812	55.439	-97.507	1.147552292e-11	2.591072536e-12	-2.591072536e-12
30584.696	61.965	-78.445	1.24776532e-11	2.810481104e-12	-2.810481104e-12
30733.652	45.896	-86.992	8.53442472e-12	1.92235182e-12	-1.92235182e-12
30870.277	92.305	-90.729	7.2962818e-12	1.644963636e-12	-1.644963636e-12
31015.473	42.386	-52.892	1.86660786e-11	4.19755084e-12	-4.19755084e-12
31140.854	57.413	-82.995	1.462436796e-11	3.060118364e-12	-3.060118364e-12
35893.714	102.820	-105.288	1.105570304e-11	2.430080472e-12	-2.430080472e-12
36164.368	145.580	-167.835	7.62801016e-12	1.71631024e-12	-1.71631024e-12
36521.046	182.545	-211.098	8.46652472e-12	1.6127123e-12	-1.6127123e-12
98715.625	75.862	-109.679	5.14267228e-12	1.158115592e-12	-1.158115592e-12
98883.146	111.434	-91.659	3.529225884e-12	9.16034632e-13	-9.16034632e-13
99125.525	89.698	-130.945	3.231118888e-12	8.43092572e-13	-8.43092572e-13
99318.884	94.417	-103.661	4.8045264e-12	1.084537988e-12	-1.084537988e-12
99520.342	91.037	-107.041	4.8154874e-12	1.08443478e-12	-1.08443478e-12
99746.633	95.418	-135.254	4.54787992e-12	9.76577764e-13	-9.76577764e-13
99960.451	142.360	-118.4	2.742818172e-12	7.13417928e-13	-7.13417928e-13
100183.782	114.599	-80.971	3.653544964e-12	9.53316e-13	-9.53316e-13
100468.416	120.804	-170.035	3.9073734e-12	8.09231424e-13	-8.09231424e-13
104607.997	88.361	-114.731	3.618252096e-12	9.4437648e-13	-9.4437648e-13
104776.655	132.825	-80.296	3.457197176e-12	8.9456698e-13	-8.9456698e-13
105029.723	117.952	-120.243	3.069784996e-12	8.05599356e-13	-8.05599356e-13
105311.022	160.096	-163.347	2.228040724e-12	5.87266712e-13	-5.87266712e-13
105574.272	150.084	-103.154	3.817835804e-12	8.64845792e-13	-8.64845792e-13
105890.594	89.508	-166.238	3.011870564e-12	7.59856872e-13	-7.59856872e-13
106177.853	193.380	-197.752	4.72198328e-12	7.71900004e-13	-7.71900004e-13
112027.338	127.605	-160.735	3.480432556e-12	7.64692516e-13	-7.64692516e-13
118486.822	4751.513	-822.886	2.951881496e-12	7.75854112e-13	-7.75854112e-13
123429.667	290.069	-191.332	2.21738896e-12	4.98330516e-13	-4.98330516e-13
127099.111	1791.996	-194.434	4.13053936e-12	9.5035362e-13	-9.5035362e-13
129017.215	107.072	-126.108	3.122981736e-12	8.19544852e-13	-8.19544852e-13
129256.392	208.886	-132.106	3.617526924e-12	7.32467952e-13	-7.32467952e-13
198589.592	293.988	-282.691	1.92218304e-12	4.13102436e-13	-4.13102436e-13
204368.366	274.613	-302.066	1.749807056e-12	3.94537412e-13	-3.94537412e-13
212662.966	7640.366	-2836.065	1.97595984e-12	3.19960902e-13	-3.19960902e-13
281808.181	3192.445	-2212.29	1.897644756e-12	4.94781868e-13	-4.94781868e-13
287776.758	3627.156	-2776.132	1.417618916e-12	2.501596244e-13	-2.501596244e-13
391425.317	3658.917	-3039.21	5.94399704e-13	1.303752168e-13	-1.303752168e-13
400289.168	395.389	-296.626	1.24991096e-12	3.085631304e-13	-3.085631304e-13
454221.291	4823.397	-7275.182	5.38987872e-13	1.429588328e-13	-1.429588328e-13
599045.159	2978.361	-3626.805	5.1721758e-13	1.267251456e-13	-1.267251456e-13
611998.588	13546.164	-5000.028	5.31463388e-13	1.145036112e-13	-1.145036112e-13
710277.108	13488.179	-57015.738	2.611735864e-13	5.46066932e-14	-5.46066932e-14
772109.624	14781.148	-8987.667	2.7790597e-13	5.6669534e-14	-5.6669534e-14
852471.008	15767.227	-8193.43	3.021122424e-13	6.02066196e-14	-6.02066196e-14
935555.637	8587.480	-4069.537	2.377874296e-13	5.27549632e-14	-5.27549632e-14
997171.052	5054.321	-7826.543	2.613567612e-13	6.65764544e-14	-6.65764544e-14
1012276.836	6266.427	-5533.15	2.263836828e-13	6.104792e-14	-6.104792e-14
1030739.235	39885.110	-6741.884	3.533673916e-13	9.54865284e-14	-9.54865284e-14
1113606.016	4537.142	-8867.854	1.570352788e-13	4.27723828e-14	-4.27723828e-14
1128252.303	12212.334	-5976.151	2.618364456e-13	6.41224708e-14	-6.41224708e-14
1188833.774	3770.615	-3617.401	2.833167852e-13	6.94578588e-14	-6.94578588e-14
1204906.076	16617.369	-8109.105	1.751741624e-13	3.557816828e-14	-3.557816828e-14
1288682.367	19302.701	-16710.195	1.598025336e-13	3.071097988e-14	-3.071097988e-14
1372146.158	22897.493	-19256.028	9.1912156e-14	2.580723412e-14	-2.580723412e-14
1460205.763	16238.820	-20555.179	1.222094076e-13	3.259064976e-14	-3.259064976e-14
1535670.003	56774.635	-53832.426	7.6232494e-14	1.947308368e-14	-1.947308368e-14
1629911.735	59491.541	-33941.581	8.71663728e-14	2.428206432e-14	-2.428206432e-14
1731606.470	27097.175	-37511.296	1.26837394e-13	2.64082306e-14	-2.64082306e-14
1832945.530	47272.128	-23091.158	8.47189852e-14	2.366098496e-14	-2.366098496e-14
2289905.737	75637.527	-266216.5	7.41303876e-14	2.09927982e-14	-2.09927982e-14
2430968.336	78913.128	-59978.164	8.92336368e-14	2.30966118e-14	-2.30966118e-14
2569033.430	33630.374	-53815.853	6.26451608e-14	1.75359704e-14	-1.75359704e-14
2718507.851	133156.530	-105153.771	3.80862158e-14	1.1280809e-14	-1.1280809e-14
2911337.083	27327.845	-54825.928	6.22449388e-14	1.75430514e-14	-1.75430514e-14
3239587.046	399517.046	-244475.651	4.78673272e-14	1.339123024e-14	-1.339123024e-14
4045817.310	355106.704	-342981.017	2.463303748e-14	7.35684472e-15	-7.35684472e-15
4670100.722	240642.236	-205931.928	2.292130952e-14	6.7157174e-15	-6.7157174e-15
5039611.073	90553.769	-66650.308	3.428473924e-14	1.30413396e-14	-1.064642512e-14
