READ TERR 1 2
! WTSLEW
60.8262966904663	0.226330293756106	-0.796657701597596	8.88906749570987e-09	1.09918863896179e-09	-1.07848268114608e-09
61.3777911996175	0.278059764078023	-0.325164215395077	1.36761571169733e-08	1.72747024626496e-09	-1.65861947859192e-09
62.0201716525171	0.245776302240635	-0.364320688821564	1.32924493298693e-08	1.65354186478925e-09	-1.61246260491078e-09
62.5577421122132	0.412728869487736	-0.291794157455463	1.16302363452211e-08	1.45575072503218e-09	-1.41124161984064e-09
63.3679416349034	0.438729345653066	-0.397470653202539	9.75660916905693e-09	1.23257727334281e-09	-1.18398583034362e-09
64.2250904370402	0.43378552198233	-0.418419456483662	9.57839063870917e-09	1.19946114678261e-09	-1.16166402483252e-09
65.1620417141409	0.352597263012925	-0.503165755118388	9.45172902150216e-09	1.17244280798969e-09	-1.14695802013437e-09
65.9179172895908	0.35996971393395	-0.403278312437038	1.05710299315969e-08	1.32424736595676e-09	-1.28248659557225e-09
66.6793093569674	0.433006612602767	-0.401422353442641	9.77520731651607e-09	1.20415396802652e-09	-1.18573553585174e-09
67.8454696903944	0.7141772736788	-0.733153720824191	8.72016604352069e-09	8.83464826193813e-10	-8.47164692143095e-10
NO NO NO NO NO NO
! WT
76.6549	0.4129	-0.587	6.6823518e-09	8.54339706e-10	-8.32157712e-10
77.4628	0.4038	-0.395	8.23852518e-09	1.081009446e-09	-1.033806378e-09
78.2164	0.3049	-0.3498	1.005211674e-08	1.30091991e-09	-1.262113722e-09
78.9312	0.5259	-0.4099	7.03250028e-09	9.5726379e-10	-8.82351372e-10
80.042	0.484	-0.585	6.15481392e-09	8.43538104e-10	-7.72138782e-10
81.0078	0.5060	-0.4814	6.6651651e-09	8.60192388e-10	-8.36509434e-10
82.079	0.495	-0.565	6.0831006e-09	8.1438939e-10	-7.83997428e-10
82.9324	0.4210	-0.3582	8.27718906e-09	1.115360544e-09	-1.06681794e-09
83.7604	0.3421	-0.4069	8.96148168e-09	1.121876268e-09	-1.095455124e-09
84.772	0.584	-0.67	5.24694552e-09	6.8749809e-10	-6.58715412e-10
85.7750	0.5513	-0.4183	6.9225408e-09	9.2407983e-10	-8.46144606e-10
86.926	0.524	-0.6	5.67549438e-09	7.5934416e-10	-7.4107599e-10
87.954	0.526	-0.503	6.33253608e-09	8.25488706e-10	-8.05234596e-10
88.9889	0.4296	-0.5098	7.14140838e-09	9.52541784e-10	-8.72900634e-10
89.917	0.651	-0.498	5.72299056e-09	7.5558645e-10	-7.18458576e-10
91.109	0.537	-0.541	6.03987366e-09	7.8791019e-10	-7.6804371e-10
92.196	0.493	-0.55	6.30884994e-09	8.1979497e-10	-7.92095532e-10
93.1229	0.4569	-0.4344	7.526217e-09	9.8903175e-10	-9.20305128e-10
94.100	0.494	-0.52	6.55058946e-09	8.5902702e-10	-8.11635978e-10
95.135	0.460	-0.542	6.56666814e-09	8.5880223e-10	-8.24801592e-10
96.099	0.509	-0.503	6.6267738e-09	8.30453556e-10	-8.10130416e-10
97.114	0.533	-0.506	6.42876744e-09	8.20459074e-10	-7.873668e-10
98.186	0.635	-0.54	5.47623132e-09	7.45435146e-10	-6.9935355e-10
99.505	0.701	-0.683	4.64551368e-09	6.16452414e-10	-5.92000926e-10
100.750	0.523	-0.544	6.2055492e-09	7.89448674e-10	-7.60258188e-10
101.7804	0.4584	-0.5076	6.6561204e-09	8.64987318e-10	-8.4639099e-10
102.856	0.583	-0.618	5.24659152e-09	6.94635084e-10	-6.84748926e-10
103.981	0.546	-0.541	5.85573702e-09	7.8077886e-10	-7.55162712e-10
105.1105	0.4126	-0.5837	6.64875366e-09	8.48373744e-10	-8.1405132e-10
105.9939	0.4561	-0.4708	7.00711848e-09	9.28052064e-10	-8.82333672e-10
107.012	0.470	-0.562	6.41962008e-09	8.4485286e-10	-7.90300752e-10
108.192	0.612	-0.71	4.90802946e-09	6.73648902e-10	-6.36524214e-10
109.1982	0.5449	-0.3945	7.16646804e-09	9.51149148e-10	-8.94090012e-10
110.352	0.604	-0.609	5.43879582e-09	7.21666524e-10	-6.9440286e-10
111.538	0.579	-0.581	5.74636164e-09	7.51250658e-10	-7.23925044e-10
112.647	0.505	-0.531	6.43744752e-09	8.37193008e-10	-8.10253962e-10
113.6508	0.4673	-0.4988	6.89977506e-09	9.04039182e-10	-8.69394618e-10
114.670	0.567	-0.552	6.0751356e-09	7.7876283e-10	-7.4621961e-10
115.938	0.597	-0.701	5.18344146e-09	6.72077142e-10	-6.44900916e-10
117.208	0.600	-0.672	5.2399788e-09	6.87399324e-10	-6.60408948e-10
118.424	0.442	-0.616	6.40897176e-09	8.17993464e-10	-7.86828012e-10
119.554	0.599	-0.688	5.1491955e-09	6.73540932e-10	-6.48750666e-10
120.825	0.550	-0.673	4.12662048e-09	5.1207162e-10	-5.05033746e-10
121.7210	0.2697	-0.3459	4.22845212e-09	5.31897036e-10	-5.3189739e-10
122.3543	0.3071	-0.3637	3.96552216e-09	4.84467408e-10	-4.84467762e-10
122.9203	0.2765	-0.259	4.91373948e-09	6.0911364e-10	-6.09113994e-10
123.4234	0.2895	-0.2265	3.429186318e-09	5.27638416e-10	-5.2763877e-10
123.9942	0.3217	-0.2814	4.3630323e-09	5.40847218e-10	-5.40847572e-10
124.5993	0.2948	-0.2834	4.66875024e-09	5.66171316e-10	-5.6617167e-10
125.2120	0.3422	-0.3178	4.02968112e-09	4.92305676e-10	-4.92306384e-10
125.8522	0.3567	-0.2981	4.06250046e-09	4.9631508e-10	-4.96315788e-10
126.4949	0.2406	-0.286	5.05068084e-09	6.1704147e-10	-6.17041824e-10
127.0904	0.3159	-0.3548	3.92313774e-09	4.86317058e-10	-4.86317412e-10
127.6842	0.3981	-0.278	3.48113157e-09	4.56781068e-10	-4.56781422e-10
128.3448	0.2517	-0.2625	3.474407694e-09	5.17935276e-10	-5.1793563e-10
128.8834	0.2415	-0.2869	3.53108628e-09	5.15063274e-10	-5.15063628e-10
129.4475	0.3233	-0.3226	4.03046346e-09	5.06992074e-10	-5.06992428e-10
130.1037	0.3538	-0.3329	3.8730432e-09	4.73169498e-10	-4.73169852e-10
130.7063	0.2992	-0.2488	3.052639704e-09	4.96945908e-10	-4.96946262e-10
131.3132	0.3665	-0.3077	3.86640924e-09	4.79284848e-10	-4.79285202e-10
131.9387	0.2517	-0.2589	3.47541447e-09	5.12423142e-10	-5.12423496e-10
132.5168	0.2588	-0.3265	2.965832886e-09	4.4212122e-10	-4.42121574e-10
133.1549	0.3306	-0.3792	3.64109886e-09	4.4483286e-10	-4.44833214e-10
133.7792	0.3877	-0.2937	3.79320558e-09	4.63415382e-10	-4.63415736e-10
134.4459	0.3562	-0.279	3.401338908e-09	4.54524318e-10	-4.54524672e-10
135.1371	0.2699	-0.335	2.869883664e-09	4.27818204e-10	-4.27818204e-10
135.6948	0.2709	-0.2878	3.008629008e-09	4.68491742e-10	-4.68492096e-10
136.2596	0.2771	-0.294	3.039809682e-09	4.53149028e-10	-4.53149382e-10
136.8110	0.2880	-0.2743	3.087801816e-09	4.60303368e-10	-4.60303722e-10
137.4018	0.2629	-0.3029	3.136616292e-09	4.62470202e-10	-4.62470202e-10
137.9766	0.3890	-0.3119	3.443458182e-09	4.4379918e-10	-4.43799534e-10
138.6373	0.2586	-0.2716	3.222261636e-09	4.90887552e-10	-4.90887552e-10
139.1335	0.3210	-0.2376	3.521800506e-09	4.9315209e-10	-4.93152444e-10
139.7972	0.3369	-0.3427	3.76255626e-09	4.66411284e-10	-4.66411638e-10
140.3935	0.2761	-0.2594	3.241729158e-09	4.83249648e-10	-4.83250002e-10
141.0111	0.2901	-0.3415	2.704880724e-09	4.1206839e-10	-4.1206839e-10
141.5807	0.2330	-0.2794	3.334145814e-09	5.07932298e-10	-5.07932298e-10
142.0895	0.4767	-0.2758	2.270804862e-09	3.459400926e-10	-3.45940305e-10
142.8861	0.2316	-0.3199	3.220545444e-09	4.74844626e-10	-4.7484498e-10
143.4588	0.2994	-0.3411	2.669752596e-09	4.06716972e-10	-4.06716972e-10
144.0283	0.2512	-0.2701	3.280221702e-09	4.9971702e-10	-4.99717374e-10
144.5646	0.2700	-0.2851	3.130279338e-09	4.6663572e-10	-4.66636074e-10
145.1488	0.3441	-0.3142	2.656239e-09	4.00045842e-10	-4.00046196e-10
145.8145	0.3206	-0.3217	2.70539367e-09	4.03297332e-10	-4.03297332e-10
146.4186	0.2733	-0.2835	3.120273882e-09	4.65143964e-10	-4.65144318e-10
147.0182	0.2876	-0.3262	2.785815744e-09	4.2439821e-10	-4.2439821e-10
147.6134	0.3649	-0.3076	2.54270943e-09	3.8736273e-10	-3.8736273e-10
148.3171	0.4013	-0.3388	2.273031876e-09	3.539475018e-10	-3.539476788e-10
149.0457	0.3256	-0.3273	2.661163848e-09	3.96703728e-10	-3.96704082e-10
149.6465	0.2265	-0.2752	3.408172524e-09	5.19209676e-10	-5.19209676e-10
150.2710	0.2870	-0.398	2.536745946e-09	3.78156606e-10	-3.7815696e-10
150.9178	0.3803	-0.3598	2.310349494e-09	3.519643938e-10	-3.519646062e-10
151.5636	0.3056	-0.2655	2.945683206e-09	4.5869019e-10	-4.58690544e-10
152.2217	0.3503	-0.3525	2.433181122e-09	3.7067694e-10	-3.7067694e-10
152.9522	0.3742	-0.3802	2.303567208e-09	3.433963194e-10	-3.433964964e-10
153.6596	0.3339	-0.3333	2.604623322e-09	3.88275342e-10	-3.88275342e-10
154.2846	0.2551	-0.2911	3.181607568e-09	4.74287076e-10	-4.7428743e-10
154.9143	0.3086	-0.3746	2.543614608e-09	3.79180728e-10	-3.79180728e-10
155.6005	0.3126	-0.3777	2.437245396e-09	3.7951809e-10	-3.79518444e-10
156.2939	0.3576	-0.3808	2.3536398e-09	3.50860728e-10	-3.50860905e-10
156.9759	0.3748	-0.3244	2.485328154e-09	3.70491798e-10	-3.70491798e-10
157.6665	0.2553	-0.3158	3.042788592e-09	4.53593298e-10	-4.53593298e-10
158.2304	0.2803	-0.3086	2.903902356e-09	4.42387782e-10	-4.42387782e-10
158.8313	0.2754	-0.3206	2.77644501e-09	4.42002984e-10	-4.42002984e-10
159.5255	0.4868	-0.4188	1.888419726e-09	2.876865606e-10	-2.876867022e-10
160.4747	0.3898	-0.4624	2.051995338e-09	3.09043062e-10	-3.090432036e-10
161.2047	0.3340	-0.3403	2.577134514e-09	3.84177438e-10	-3.84177438e-10
161.8272	0.2222	-0.2884	3.40325865e-09	5.07329082e-10	-5.07329436e-10
162.3758	0.4279	-0.3265	2.30361783e-09	3.43403895e-10	-3.43404072e-10
163.2102	0.3550	-0.4065	2.245750158e-09	3.42123123e-10	-3.421233e-10
163.8993	0.4380	-0.3341	2.214641346e-09	3.37383948e-10	-3.37384125e-10
164.7345	0.3625	-0.3972	2.287317192e-09	3.40973862e-10	-3.40974039e-10
165.4728	0.3786	-0.3758	2.303488266e-09	3.433844958e-10	-3.433846728e-10
166.1759	0.4689	-0.3245	2.189900994e-09	3.264518616e-10	-3.264520386e-10
167.0723	0.4425	-0.4274	1.965518802e-09	2.99431962e-10	-2.99432139e-10
167.9101	0.4481	-0.3953	2.060498772e-09	3.07161729e-10	-3.071618706e-10
168.8240	0.3473	-0.4658	2.10314055e-09	3.203976474e-10	-3.20397789e-10
169.5315	0.3905	-0.3603	2.365830144e-09	3.488233872e-10	-3.488235642e-10
170.3693	0.4440	-0.4473	1.949456052e-09	2.906083704e-10	-2.90608512e-10
171.1920	0.4113	-0.3786	2.16471885e-09	3.29778612e-10	-3.29778789e-10
172.0736	0.3819	-0.4703	1.844346726e-09	3.141775488e-10	-3.141776904e-10
172.8711	0.4028	-0.4156	2.055710922e-09	3.201070842e-10	-3.201072258e-10
173.7520	0.3918	-0.4782	1.997294904e-09	2.977398066e-10	-2.977399482e-10
174.5750	0.3801	-0.4312	2.00554806e-09	3.264875094e-10	-3.26487651e-10
175.4782	0.3914	-0.5231	1.900183854e-09	2.832632952e-10	-2.832634368e-10
176.1626	0.3564	-0.293	2.675874318e-09	3.98896758e-10	-3.98896758e-10
176.9738	0.5024	-0.4548	1.757642568e-09	2.736930468e-10	-2.736931884e-10
177.9597	0.3989	-0.4835	1.969180932e-09	2.935488006e-10	-2.935489422e-10
178.8615	0.4400	-0.503	1.813503414e-09	2.762735652e-10	-2.762736714e-10
179.7293	0.3907	-0.4277	2.123248812e-09	3.165158958e-10	-3.165160728e-10
180.5857	0.4522	-0.4658	1.802501448e-09	2.869534974e-10	-2.869536036e-10
181.4770	0.4630	-0.439	1.926419148e-09	2.871742164e-10	-2.87174358e-10
182.3194	0.3589	-0.3795	2.353480146e-09	3.508368684e-10	-3.508370454e-10
183.0463	0.4166	-0.368	2.17948773e-09	3.320284944e-10	-3.320286714e-10
184.020	0.574	-0.557	1.486828674e-09	2.315230092e-10	-2.315231154e-10
185.0409	0.4307	-0.4464	1.981137636e-09	2.95331226e-10	-2.953313676e-10
185.9175	0.4293	-0.446	1.985148456e-09	2.959290966e-10	-2.959292382e-10
186.8053	0.3635	-0.4585	2.046775608e-09	3.187157226e-10	-3.187158642e-10
187.6496	0.4301	-0.4808	1.84689234e-09	2.875906974e-10	-2.87590839e-10
188.4830	0.3599	-0.4033	2.276718786e-09	3.393939246e-10	-3.393941016e-10
189.2981	0.4184	-0.4551	1.989229014e-09	2.965373748e-10	-2.965375164e-10
190.1066	0.4568	-0.3901	2.019251754e-09	3.076177872e-10	-3.076179288e-10
191.0015	0.3856	-0.4382	2.07592149e-09	3.162509976e-10	-3.162511392e-10
192.029	0.726	-0.642	1.209453036e-09	1.925417682e-10	-1.92541839e-10
193.2666	0.4850	-0.5113	1.688590266e-09	2.629405092e-10	-2.629406508e-10
194.341	0.532	-0.589	1.55031468e-09	2.311077672e-10	-2.311078734e-10
195.3352	0.5157	-0.4628	1.747573038e-09	2.662295586e-10	-2.662297002e-10
196.2440	0.4592	-0.393	2.039021946e-09	3.039600822e-10	-3.039602238e-10
197.227	0.515	-0.524	1.645836624e-09	2.507308014e-10	-2.507309076e-10
198.2229	0.3857	-0.4808	1.941703806e-09	3.023543382e-10	-3.023544798e-10
199.165	0.484	-0.556	1.64299188e-09	2.502973992e-10	-2.502975408e-10
200.0512	0.4485	-0.4019	2.043287292e-09	3.04595937e-10	-3.04596114e-10
200.9764	0.5001	-0.4766	1.779054612e-09	2.652063924e-10	-2.652064986e-10
201.8961	0.4095	-0.4196	2.095930632e-09	3.124435506e-10	-3.124437276e-10
202.831	0.542	-0.525	1.5501129e-09	2.467738956e-10	-2.467740018e-10
203.880	0.573	-0.507	1.557840012e-09	2.42580624e-10	-2.425807302e-10
204.9163	0.4316	-0.4633	1.91087784e-09	2.91107829e-10	-2.911079706e-10
205.965	0.626	-0.617	1.397275878e-09	2.082940602e-10	-2.082941664e-10
207.237	0.779	-0.646	1.19995026e-09	1.828033698e-10	-1.828034406e-10
208.688	0.629	-0.672	1.336103262e-09	1.991749494e-10	-1.991750556e-10
209.919	0.464	-0.602	1.604591022e-09	2.444473368e-10	-2.444474784e-10
210.944	0.554	-0.561	1.532933634e-09	2.335308618e-10	-2.33530968e-10
212.128	0.438	-0.629	1.627810944e-09	2.426602386e-10	-2.426603448e-10
213.140	0.482	-0.575	1.618167276e-09	2.465155464e-10	-2.46515688e-10
214.263	0.557	-0.64	1.451250258e-09	2.163400908e-10	-2.16340197e-10
215.345	0.500	-0.525	1.668663252e-09	2.542082496e-10	-2.542083912e-10
216.488	0.478	-0.643	1.352953662e-09	2.414091672e-10	-2.41409238e-10
217.536	0.541	-0.571	1.56270645e-09	2.329550454e-10	-2.329551516e-10
218.665	0.543	-0.587	1.53812292e-09	2.292902958e-10	-2.292904374e-10
219.936	0.554	-0.729	1.3546341e-09	2.019373884e-10	-2.019374946e-10
221.073	0.600	-0.583	1.468718388e-09	2.189440794e-10	-2.18944221e-10
222.468	0.570	-0.795	1.273402782e-09	1.89828075e-10	-1.898281812e-10
223.725	0.769	-0.688	1.002794916e-09	1.876308678e-10	-1.876309032e-10
225.255	0.573	-0.76	1.303993692e-09	1.94388303e-10	-1.943884092e-10
226.306	0.617	-0.479	1.58553768e-09	2.363585076e-10	-2.363586138e-10
227.4142	0.4307	-0.4909	1.885489314e-09	2.810727432e-10	-2.810728848e-10
228.687	0.672	-0.842	1.129415052e-09	1.720578768e-10	-1.720579476e-10
230.015	0.819	-0.656	1.178165454e-09	1.756309404e-10	-1.756310112e-10
231.356	0.659	-0.522	1.4474883e-09	2.205138924e-10	-2.205139986e-10
232.632	0.488	-0.617	1.547716674e-09	2.357829744e-10	-2.357830806e-10
233.802	0.685	-0.682	1.271709954e-09	1.895757438e-10	-1.8957585e-10
235.244	0.588	-0.757	1.291895742e-09	1.9258485e-10	-1.925849562e-10
236.446	0.559	-0.615	1.479826908e-09	2.20600056e-10	-2.206001622e-10
237.655	0.628	-0.649	1.363824648e-09	2.033074038e-10	-2.033074746e-10
239.046	0.609	-0.763	1.303743414e-09	1.943509914e-10	-1.943510622e-10
240.181	0.548	-0.526	1.637741352e-09	2.494975362e-10	-2.494976424e-10
241.453	0.719	-0.724	1.219730718e-09	1.858167948e-10	-1.858168656e-10
242.931	0.598	-0.759	1.296449244e-09	1.975042464e-10	-1.975043526e-10
244.202	0.559	-0.672	1.429467222e-09	2.177685516e-10	-2.177686578e-10
245.625	0.707	-0.864	1.120276542e-09	1.706656656e-10	-1.706657364e-10
247.061	0.729	-0.73	1.20634704e-09	1.83777861e-10	-1.837779318e-10
248.607	0.861	-0.817	1.054536264e-09	1.572013464e-10	-1.572014172e-10
250.220	0.645	-0.752	1.184819238e-09	1.886201562e-10	-1.88620227e-10
251.590	0.655	-0.725	1.258644168e-09	1.876280004e-10	-1.876280712e-10
252.810	0.652	-0.565	1.427962368e-09	2.12868519e-10	-2.128686252e-10
254.239	0.515	-0.777	1.345344786e-09	2.005525758e-10	-2.00552682e-10
255.277	0.581	-0.523	1.575335046e-09	2.348376174e-10	-2.348377236e-10
256.469	0.593	-0.612	1.442699742e-09	2.150654784e-10	-2.150655846e-10
257.865	0.684	-0.803	1.168326024e-09	1.741641414e-10	-1.741642122e-10
259.162	0.653	-0.613	1.371725574e-09	2.044852326e-10	-2.044853388e-10
260.322	0.670	-0.506	1.477430328e-09	2.202427992e-10	-2.202429408e-10
261.660	0.634	-0.668	1.334137146e-09	1.988818374e-10	-1.988819436e-10
262.901	0.542	-0.607	1.511750628e-09	2.253589842e-10	-2.253590904e-10
263.959	0.570	-0.515	1.600969248e-09	2.386589412e-10	-2.386590474e-10
265.134	0.682	-0.606	1.33592697e-09	2.055549498e-10	-2.05555056e-10
266.424	0.643	-0.607	1.344952554e-09	2.094306834e-10	-2.094307896e-10
267.759	0.629	-0.691	1.274265126e-09	1.984234782e-10	-1.984235844e-10
269.158	0.663	-0.771	1.192373952e-09	1.816491882e-10	-1.81649259e-10
270.332	0.527	-0.51	1.675249776e-09	2.497320612e-10	-2.497321674e-10
271.669	0.490	-0.811	1.314842022e-09	2.003062626e-10	-2.003063688e-10
272.952	0.474	-0.793	1.371755664e-09	2.044897284e-10	-2.044898346e-10
274.123	0.760	-0.697	1.19254458e-09	1.777744458e-10	-1.77774552e-10
275.536	0.784	-0.653	1.170319398e-09	1.822375008e-10	-1.822375716e-10
277.165	0.666	-0.844	1.13209554e-09	1.724662158e-10	-1.72466322e-10
278.447	0.627	-0.616	1.3972911e-09	2.082962904e-10	-2.082963966e-10
279.726	0.530	-0.651	1.47092664e-09	2.19273264e-10	-2.192733702e-10
281.071	0.608	-0.815	1.22087697e-09	1.819979844e-10	-1.819980552e-10
282.364	0.619	-0.685	1.311256002e-09	1.997599344e-10	-1.997600406e-10
283.563	0.717	-0.58	1.339768224e-09	1.99721313e-10	-1.997214192e-10
285.133	0.754	-0.853	1.081615494e-09	1.612380438e-10	-1.612381146e-10
286.834	0.882	-0.947	9.5010414e-10	1.41633453e-10	-1.416335238e-10
288.580	0.743	-0.864	1.08160806e-09	1.612369464e-10	-1.612370172e-10
289.955	0.528	-0.632	1.474155828e-09	2.24576538e-10	-2.245766442e-10
291.302	0.846	-0.82	9.93674106e-10	1.581903162e-10	-1.58190387e-10
292.987	0.792	-0.839	1.04817276e-09	1.596812226e-10	-1.596812934e-10
294.784	0.865	-1.005	8.9974941e-10	1.401053766e-10	-1.401054474e-10
296.559	1.056	-0.91	8.55774822e-10	1.332578484e-10	-1.332579192e-10
298.646	0.874	-1.031	9.11964534e-10	1.359479298e-10	-1.359480006e-10
300.316	0.720	-0.796	1.128131448e-09	1.718623272e-10	-1.71862398e-10
301.848	0.729	-0.812	1.127846478e-09	1.68129822e-10	-1.681298928e-10
303.418	1.020	-0.841	9.04060068e-10	1.407766314e-10	-1.407766668e-10
305.351	0.733	-0.913	1.03910505e-09	1.582998438e-10	-1.582999146e-10
306.703	0.672	-0.62	1.323928494e-09	2.016905442e-10	-2.016906504e-10
308.132	0.842	-0.757	1.069169916e-09	1.62880002e-10	-1.628800728e-10
309.909	0.696	-0.934	1.06628163e-09	1.589522304e-10	-1.589523012e-10
311.387	0.691	-0.782	1.142080818e-09	1.778402544e-10	-1.778403252e-10
312.891	0.800	-0.813	1.05973086e-09	1.614419832e-10	-1.61442054e-10
314.418	0.669	-0.727	1.244217252e-09	1.854773442e-10	-1.854774504e-10
315.867	0.920	-0.779	9.9018048e-10	1.541869656e-10	-1.541870364e-10
317.651	0.717	-0.865	1.081173348e-09	1.64708589e-10	-1.647086598e-10
319.257	0.780	-0.889	1.02472026e-09	1.561084068e-10	-1.561084776e-10
320.724	0.717	-0.686	1.237902246e-09	1.84535952e-10	-1.845360582e-10
322.235	0.664	-0.794	1.172150994e-09	1.78568397e-10	-1.785684678e-10
323.857	0.835	-0.957	9.54480996e-10	1.45407978e-10	-1.454080488e-10
325.610	0.898	-0.918	9.56597916e-10	1.426015368e-10	-1.426016076e-10
327.692	1.063	-1.184	7.73313708e-10	1.15279038e-10	-1.152791088e-10
329.474	0.845	-0.719	1.058093964e-09	1.68445767e-10	-1.684458378e-10
331.175	1.030	-0.856	9.21410316e-10	1.373560002e-10	-1.37356071e-10
333.002	0.823	-0.798	1.072103868e-09	1.598201676e-10	-1.598202384e-10
334.580	0.842	-0.754	1.071547026e-09	1.63242144e-10	-1.632422148e-10
336.298	0.828	-0.877	9.70850664e-10	1.545568956e-10	-1.545569664e-10
338.153	0.864	-1.027	9.18813726e-10	1.369689366e-10	-1.369690074e-10
340.077	0.959	-1.06	8.19450882e-10	1.304544162e-10	-1.30454487e-10
341.972	0.762	-0.935	1.0238034e-09	1.526199138e-10	-1.526199846e-10
343.726	0.908	-0.993	9.1452183e-10	1.363291524e-10	-1.363292232e-10
345.637	0.912	-1.004	8.92438956e-10	1.359563196e-10	-1.359563904e-10
347.679	0.785	-1.129	8.78826594e-10	1.368473376e-10	-1.368474084e-10
349.294	0.909	-0.83	9.67872462e-10	1.507132698e-10	-1.507133406e-10
351.329	0.944	-1.127	8.3910036e-10	1.250859708e-10	-1.250860416e-10
353.461	1.095	-1.187	7.49144358e-10	1.141265202e-10	-1.141265556e-10
355.409	0.835	-0.853	9.96422562e-10	1.551589788e-10	-1.551590496e-10
357.278	1.035	-1.034	8.3979951e-10	1.251901884e-10	-1.251902592e-10
359.353	1.106	-1.04	7.96969404e-10	1.214123004e-10	-1.214123712e-10
361.325	0.776	-0.866	1.058154498e-09	1.577407008e-10	-1.577407716e-10
363.240	1.085	-1.139	7.98712854e-10	1.177640118e-10	-1.177640826e-10
365.383	0.874	-1.058	8.99334876e-10	1.340652162e-10	-1.34065287e-10
367.220	1.163	-0.963	8.27784396e-10	1.261067298e-10	-1.261068006e-10
369.923	1.106	-1.54	6.65221224e-10	1.013414208e-10	-1.013414562e-10
372.279	1.184	-1.25	7.34783286e-10	1.095352464e-10	-1.095353172e-10
374.652	1.218	-1.189	7.31111952e-10	1.11379374e-10	-1.113794094e-10
376.909	0.952	-1.039	8.57647128e-10	1.335494028e-10	-1.335494736e-10
378.737	0.897	-0.877	9.64053864e-10	1.468663164e-10	-1.468663872e-10
380.778	0.954	-1.143	8.28407436e-10	1.234919442e-10	-1.234919796e-10
382.751	1.045	-1.019	8.41992186e-10	1.25517072e-10	-1.255171428e-10
385.187	1.156	-1.392	6.82047552e-10	1.016738976e-10	-1.01673933e-10
387.474	1.113	-1.13	7.49847756e-10	1.167633246e-10	-1.167633954e-10
389.627	1.086	-1.04	8.17210416e-10	1.218227988e-10	-1.218228696e-10
391.848	1.062	-1.136	7.907475e-10	1.17877929e-10	-1.178779998e-10
394.023	1.212	-1.113	7.47186384e-10	1.113841884e-10	-1.113842592e-10
396.613	1.503	-1.377	5.5519944e-10	9.24442326e-11	-9.2444268e-11
399.113	1.143	-0.997	8.1188838e-10	1.21029414e-10	-1.210294848e-10
401.059	0.813	-0.803	1.075651656e-09	1.603490082e-10	-1.60349079e-10
402.777	0.932	-0.906	9.00355458e-10	1.433342106e-10	-1.433342814e-10
404.778	1.144	-1.069	7.85129874e-10	1.170404712e-10	-1.17040542e-10
407.432	1.114	-1.51	6.5163258e-10	9.92712996e-11	-9.9271335e-11
409.595	0.819	-1.049	9.3020757e-10	1.38667464e-10	-1.386675348e-10
411.691	1.147	-1.276	7.05703248e-10	1.07508561e-10	-1.075085964e-10
413.948	0.904	-1.11	8.81994186e-10	1.300432452e-10	-1.30043316e-10
416.094	1.406	-1.242	6.35509296e-10	9.89589654e-11	-9.89590008e-11
418.654	1.323	-1.155	7.01155764e-10	1.04522394e-10	-1.045224294e-10
420.868	1.238	-0.89	8.16652866e-10	1.217396796e-10	-1.21739715e-10
423.296	1.250	-1.191	7.00565292e-10	1.067258316e-10	-1.06725867e-10
425.600	1.138	-1.054	7.675605e-10	1.195214448e-10	-1.195215156e-10
428.175	1.381	-1.437	6.16609944e-10	9.19189674e-11	-9.19190028e-11
431.026	1.290	-1.47	6.09698094e-10	9.4939791e-11	-9.49398264e-11
433.766	1.530	-1.45	5.83114464e-10	8.6925762e-11	-8.69257974e-11
436.278	1.260	-0.982	7.75172562e-10	1.155561492e-10	-1.1555622e-10
438.451	0.939	-0.913	9.3824868e-10	1.398661434e-10	-1.398662142e-10
440.421	0.826	-1.031	9.2066373e-10	1.402561452e-10	-1.40256216e-10
442.679	1.870	-1.432	5.26236222e-10	7.84468248e-11	-7.84468602e-11
445.666	0.902	-1.117	8.6052798e-10	1.28280219e-10	-1.282802898e-10
447.703	1.235	-1.135	7.33255776e-10	1.093075536e-10	-1.093076244e-10
450.560	1.312	-1.621	5.7344814e-10	8.92950486e-11	-8.92951194e-11
453.146	1.028	-1.274	7.42785456e-10	1.131577638e-10	-1.131577992e-10
455.327	1.103	-1.153	7.58024802e-10	1.154793666e-10	-1.154794374e-10
457.862	1.054	-1.432	6.76898976e-10	1.05404031e-10	-1.054040664e-10
460.460	1.462	-1.544	5.50347516e-10	8.76139026e-11	-8.7613938e-11
462.815	0.856	-0.893	9.77774196e-10	1.489565094e-10	-1.489565802e-10
464.965	1.101	-1.294	7.0252539e-10	1.093944606e-10	-1.09394496e-10
467.068	1.051	-1.002	8.32880226e-10	1.26882981e-10	-1.268830518e-10
469.560	1.453	-1.441	6.00297978e-10	8.94873414e-11	-8.94874122e-11
472.261	1.277	-1.247	6.88286094e-10	1.02603891e-10	-1.026039264e-10
474.849	1.091	-1.311	7.11929754e-10	1.08457104e-10	-1.084571394e-10
477.785	1.610	-1.845	5.0290833e-10	7.49692704e-11	-7.49693058e-11
480.817	1.286	-1.422	6.41688012e-10	9.56573844e-11	-9.56574198e-11
483.707	1.532	-1.604	5.5398168e-10	8.25828546e-11	-8.258289e-11
486.529	1.139	-1.29	7.15544802e-10	1.066673508e-10	-1.066673862e-10
489.028	1.260	-1.361	6.4196838e-10	9.99647502e-11	-9.99647856e-11
491.523	1.414	-1.235	6.45512628e-10	9.83389698e-11	-9.83390052e-11
494.528	1.573	-1.591	5.40587028e-10	8.23543476e-11	-8.2354383e-11
497.302	1.772	-1.201	5.8450179e-10	8.71326042e-11	-8.71326396e-11
500.232	1.770	-1.158	5.93375508e-10	8.8455396e-11	-8.84554314e-11
503.169	1.668	-1.166	5.8385751e-10	9.29486118e-11	-9.29486472e-11
506.623	1.608	-1.787	4.9561062e-10	7.71745134e-11	-7.71745488e-11
509.683	1.498	-1.452	5.70341436e-10	8.88113076e-11	-8.8811343e-11
512.716	1.368	-1.535	5.9847417e-10	8.9215434e-11	-8.92154694e-11
516.212	1.477	-2.128	4.8208251e-10	7.18647966e-11	-7.1864832e-11
519.303	1.259	-1.614	5.951448e-10	9.06658428e-11	-9.06658782e-11
522.065	1.666	-1.503	5.48398746e-10	8.1750636e-11	-8.17506714e-11
525.582	1.627	-1.851	4.51891974e-10	7.69781142e-11	-7.69781496e-11
528.588	1.517	-1.379	5.99926278e-10	8.9431905e-11	-8.94319404e-11
531.702	1.526	-1.597	5.56514904e-10	8.29605018e-11	-8.29605372e-11
534.922	1.344	-1.695	5.71829298e-10	8.52434478e-11	-8.52434832e-11
537.463	1.325	-1.196	6.89270922e-10	1.027506948e-10	-1.027507302e-10
540.111	1.571	-1.323	5.90757324e-10	8.999742e-11	-8.99974554e-11
543.150	1.599	-1.468	5.66532042e-10	8.445378e-11	-8.44538154e-11
546.448	1.459	-1.699	5.41498224e-10	8.24931864e-11	-8.24932218e-11
549.900	1.852	-1.993	4.0881336e-10	6.96398358e-11	-6.96398712e-11
553.097	1.414	-1.345	6.29715024e-10	9.38725872e-11	-9.3872658e-11
556.108	1.670	-1.597	5.31970314e-10	7.93016286e-11	-7.9301664e-11
559.101	1.541	-1.323	5.48725488e-10	9.34733106e-11	-9.3473346e-11
562.939	2.165	-2.297	3.85698576e-10	5.93462238e-11	-5.93462592e-11
567.178	1.645	-2.074	4.59887418e-10	7.00604232e-11	-7.00604586e-11
570.462	1.707	-1.639	5.0271894e-10	7.82814006e-11	-7.8281436e-11
573.814	1.427	-1.645	5.6554509e-10	8.4306693e-11	-8.43067284e-11
577.447	1.680	-2.205	4.40088906e-10	6.70442016e-11	-6.7044237e-11
580.646	1.442	-1.519	5.77624632e-10	8.79967536e-11	-8.7996789e-11
583.923	1.642	-1.836	4.8369321e-10	7.531881e-11	-7.53188454e-11
587.032	1.916	-1.466	5.13784272e-10	7.65905904e-11	-7.65906258e-11
590.318	1.241	-1.37	6.5474601e-10	9.97455888e-11	-9.97456596e-11
593.548	1.536	-1.988	4.85192754e-10	7.39154478e-11	-7.39154832e-11
NO NO NO NO NO NO
! PC_incbad
3840.158	20.493	-19.624	6.6416064e-11	1.456978686e-11	-1.456978686e-11
3888.575	34.759	-27.924	3.94523796e-11	8.89548546e-12	-8.89548546e-12
3954.512	26.490	-31.178	4.58354598e-11	1.005499122e-11	-1.005499122e-11
4005.046	21.088	-24.044	5.47823496e-11	1.233483264e-11	-1.233483264e-11
4066.846	42.029	-40.712	3.11622837e-11	6.89074452e-12	-6.89074452e-12
4141.561	24.983	-32.686	4.31880708e-11	9.6838824e-12	-9.6838824e-12
4187.075	19.585	-20.532	7.04558058e-11	1.477975134e-11	-1.477975134e-11
4228.449	25.850	-21.789	5.16073236e-11	1.161994734e-11	-1.161994734e-11
4280.102	21.837	-25.802	5.15704014e-11	1.157944266e-11	-1.157944266e-11
4319.983	14.551	-18.044	7.55849118e-11	1.694808984e-11	-1.694808984e-11
4359.735	27.452	-25.202	5.3706048e-11	1.121194818e-11	-1.121194818e-11
4404.600	22.704	-17.413	6.11797668e-11	1.373710098e-11	-1.373710098e-11
4445.020	19.894	-17.716	6.97133262e-11	1.5252798e-11	-1.5252798e-11
4492.950	37.155	-28.035	3.73602042e-11	8.42375922e-12	-8.42375922e-12
4556.651	18.585	-26.546	5.73880728e-11	1.2523104e-11	-1.2523104e-11
4595.278	22.583	-20.042	5.68768968e-11	1.28242695e-11	-1.28242695e-11
4641.423	24.077	-23.562	5.4162885e-11	1.186610832e-11	-1.186610832e-11
4700.520	22.648	-35.021	4.4788434e-11	9.87751332e-12	-9.87751332e-12
4752.811	23.011	-29.643	4.96485708e-11	1.083420894e-11	-1.083420894e-11
4798.117	20.329	-22.295	5.73680364e-11	1.293501132e-11	-1.293501132e-11
4849.520	21.580	-31.074	4.68299166e-11	1.051503192e-11	-1.051503192e-11
4900.527	38.271	-29.427	3.66909672e-11	8.26136526e-12	-8.26136526e-12
4968.100	30.873	-29.303	4.14642324e-11	9.31023894e-12	-9.31023894e-12
5029.802	26.840	-30.829	4.51437438e-11	9.90324912e-12	-9.90324912e-12
5083.168	21.113	-26.526	5.72286666e-11	1.22473026e-11	-1.22473026e-11
5143.831	28.147	-39.551	3.8369883e-11	8.45075526e-12	-8.45075526e-12
5200.800	18.817	-28.822	5.19874134e-11	1.16569191e-11	-1.16569191e-11
5244.422	20.327	-24.805	5.503992e-11	1.2392832e-11	-1.2392832e-11
5295.701	26.716	-30.952	4.4761176e-11	9.81932634e-12	-9.81932634e-12
5355.393	34.722	-32.976	3.85220322e-11	8.42835768e-12	-8.42835768e-12
5407.909	17.309	-17.794	7.08360372e-11	1.586131338e-11	-1.586131338e-11
5457.117	28.276	-31.9	4.36294026e-11	9.53325186e-12	-9.53325186e-12
5499.299	23.704	-13.906	6.60684714e-11	1.487602518e-11	-1.487602518e-11
5551.187	34.499	-28.184	3.94891248e-11	8.87905632e-12	-8.87905632e-12
5623.919	26.957	-38.233	3.99626706e-11	8.77827252e-12	-8.77827252e-12
5685.070	25.982	-34.194	4.11411366e-11	9.23769726e-12	-9.23769726e-12
5744.177	14.513	-33.126	5.3863932e-11	1.183184112e-11	-1.183184112e-11
5783.991	29.861	-25.3	4.4932866e-11	1.008907788e-11	-1.008907788e-11
5844.094	27.425	-30.243	4.46573124e-11	9.8485986e-12	-9.8485986e-12
5906.842	32.375	-35.322	3.64407246e-11	8.1936309e-12	-8.1936309e-12
5960.772	13.548	-21.554	7.02154044e-11	1.583175792e-11	-1.583175792e-11
6001.344	25.630	-27.024	4.93505736e-11	1.07833533e-11	-1.07833533e-11
6061.295	33.376	-34.322	3.64181748e-11	8.18856162e-12	-8.18856162e-12
6120.976	23.841	-26.306	5.17519326e-11	1.139808492e-11	-1.139808492e-11
6187.218	30.311	-42.401	3.56163294e-11	7.8443037e-12	-7.8443037e-12
6280.656	57.208	-63.127	2.866552524e-11	5.4930888e-12	-5.4930888e-12
9562.488	20.817	-14.286	4.17502998e-11	9.39183594e-12	-9.39183594e-12
9606.990	23.955	-23.684	3.076823568e-11	6.9006282e-12	-6.9006282e-12
9665.276	30.858	-34.332	2.286661938e-11	5.16722118e-12	-5.16722118e-12
9718.309	38.001	-22.174	2.49073161e-11	5.61987036e-12	-5.61987036e-12
9775.985	20.442	-19.675	3.74281722e-11	8.43224814e-12	-8.43224814e-12
9822.744	18.815	-26.317	3.351171444e-11	7.52721882e-12	-7.52721882e-12
9875.026	31.723	-33.468	2.408704854e-11	5.30915394e-12	-5.30915394e-12
9946.198	23.233	-39.45	2.512382604e-11	5.50599564e-12	-5.50599564e-12
10006.342	23.265	-36.911	2.686575738e-11	5.75125746e-12	-5.75125746e-12
10072.869	31.958	-43.262	2.079027132e-11	4.5824946e-12	-4.5824946e-12
10129.009	20.949	-24.182	3.328221624e-11	7.48691592e-12	-7.48691592e-12
10178.528	34.113	-28.57	2.353896096e-11	5.27926218e-12	-5.27926218e-12
10242.719	20.069	-30.078	2.92838181e-11	6.56770536e-12	-6.56770536e-12
10284.345	16.052	-21.557	3.88877142e-11	8.74788516e-12	-8.74788516e-12
10345.129	27.980	-44.732	2.03031213e-11	4.5535374e-12	-4.5535374e-12
10403.931	29.354	-30.822	2.43316413e-11	5.51494122e-12	-5.51494122e-12
10468.115	32.868	-34.83	2.180605662e-11	4.91271642e-12	-4.91271642e-12
10548.836	44.917	-47.853	1.579636854e-11	3.55878678e-12	-3.55878678e-12
10626.035	30.402	-32.281	2.44945167e-11	5.37576966e-12	-5.37576966e-12
10687.879	36.255	-31.443	2.286956112e-11	5.0408007e-12	-5.0408007e-12
10747.445	24.328	-23.311	3.093929202e-11	6.97035558e-12	-6.97035558e-12
10797.084	29.851	-25.31	2.668633248e-11	6.00315678e-12	-6.00315678e-12
10860.638	28.980	-33.703	2.322422664e-11	5.2480323e-12	-5.2480323e-12
10913.051	29.221	-23.433	2.758165512e-11	6.24212094e-12	-6.24212094e-12
10984.243	38.262	-41.972	1.842153342e-11	4.14397002e-12	-4.14397002e-12
11053.836	23.830	-31.331	2.658599472e-11	5.96264502e-12	-5.96264502e-12
11102.726	32.608	-25.06	2.523462096e-11	5.67659178e-12	-5.67659178e-12
11169.792	33.240	-34.457	2.164306086e-11	4.89813162e-12	-4.89813162e-12
11243.130	42.644	-40.098	1.7620881e-11	3.95197104e-12	-3.95197104e-12
11310.062	20.843	-24.288	3.4406853e-11	7.52964018e-12	-7.52964018e-12
11358.470	32.611	-27.565	2.45264475e-11	5.5506846e-12	-5.5506846e-12
11423.777	55.060	-32.696	1.67208183e-11	3.7670556e-12	-3.7670556e-12
11506.942	29.563	-28.105	2.688696198e-11	5.90083308e-12	-5.90083308e-12
11571.711	47.535	-35.206	1.777527102e-11	4.01671764e-12	-4.01671764e-12
11642.032	22.347	-22.785	3.65645892e-11	7.81684746e-12	-7.81684746e-12
11717.007	32.620	-52.628	1.892049642e-11	4.0559196e-12	-4.0559196e-12
11778.327	31.476	-28.699	2.590308978e-11	5.70123726e-12	-5.70123726e-12
11859.427	35.625	-49.624	1.774964496e-11	4.0230861e-12	-4.0230861e-12
11925.126	27.594	-30.075	2.621201496e-11	5.86996428e-12	-5.86996428e-12
12008.331	72.245	-55.611	1.818962802e-11	3.298780152e-12	-3.298780152e-12
15273.714	47.407	-40.349	1.765294278e-11	3.96510798e-12	-3.96510798e-12
15365.360	43.518	-44.238	1.772620308e-11	3.9770838e-12	-3.9770838e-12
15459.994	59.206	-51.116	1.418593758e-11	3.197174718e-12	-3.197174718e-12
15583.707	35.785	-64.507	1.318601502e-11	2.896117542e-12	-2.896117542e-12
15674.133	30.608	-54.641	1.100459976e-11	2.483455848e-12	-2.483455848e-12
15749.224	43.273	-44.484	1.784213808e-11	4.01665392e-12	-4.01665392e-12
15873.637	74.313	-81.141	1.023839508e-11	2.317972884e-12	-2.317972884e-12
16004.321	74.010	-56.371	1.194766992e-11	2.704953294e-12	-2.704953294e-12
16152.626	58.592	-74.295	1.193416836e-11	2.68967961e-12	-2.68967961e-12
16275.486	63.606	-64.267	1.255350552e-11	2.822881314e-12	-2.822881314e-12
16398.361	51.053	-59.269	1.430829414e-11	3.22110972e-12	-3.22110972e-12
16511.596	65.690	-62.183	1.382557266e-11	2.965767396e-12	-2.965767396e-12
16642.937	62.223	-65.651	1.278486222e-11	2.878152042e-12	-2.878152042e-12
16793.206	82.451	-88.046	9.37093932e-12	2.13126054e-12	-2.13126054e-12
16965.871	62.733	-90.213	1.039420818e-11	2.363985804e-12	-2.363985804e-12
17077.102	39.258	-48.498	1.38617904e-11	3.131496744e-12	-3.131496744e-12
17162.344	44.279	-45.984	1.197094542e-11	2.704467606e-12	-2.704467606e-12
17284.180	55.331	-77.556	1.16993991e-11	2.654772732e-12	-2.654772732e-12
17407.663	67.243	-68.152	1.144038438e-11	2.590103658e-12	-2.590103658e-12
17547.824	62.477	-72.918	1.142213214e-11	2.574278796e-12	-2.574278796e-12
17707.427	115.992	-97.126	1.266174102e-11	2.16520383e-12	-2.16520383e-12
21162.273	34.741	-53.015	1.050852186e-11	2.374457478e-12	-2.374457478e-12
21234.987	47.275	-37.973	1.09385823e-11	2.451604344e-12	-2.451604344e-12
21333.895	38.630	-51.633	1.031809818e-11	2.315219118e-12	-2.315219118e-12
21406.237	41.508	-33.712	1.229400582e-11	2.764990278e-12	-2.764990278e-12
21508.019	62.584	-60.274	7.5271905e-12	1.69094295e-12	-1.69094295e-12
21631.767	44.144	-61.163	8.82479166e-12	1.987052976e-12	-1.987052976e-12
21725.665	43.017	-49.754	9.87337152e-12	2.220576156e-12	-2.220576156e-12
21811.590	42.340	-42.908	1.132875402e-11	2.480321886e-12	-2.480321886e-12
21898.304	23.324	-44.373	1.358241714e-11	3.05476158e-12	-3.05476158e-12
22021.615	57.974	-99.987	5.77195584e-12	1.305727938e-12	-1.305727938e-12
22147.251	57.704	-67.662	7.2560973e-12	1.643389422e-12	-1.643389422e-12
22248.817	46.402	-43.862	1.004202774e-11	2.277021456e-12	-2.277021456e-12
22362.492	88.180	-67.274	8.79418482e-12	2.110294536e-12	-2.110294536e-12
22545.870	92.851	-95.198	7.3850595e-12	1.884166062e-12	-1.884166062e-12
22718.553	64.898	-79.832	7.71067932e-12	1.786024164e-12	-1.786024164e-12
22834.223	66.384	-50.772	1.000872342e-11	2.301806766e-12	-2.301806766e-12
22988.505	132.069	-87.898	7.72809258e-12	1.821110874e-12	-1.821110874e-12
23187.916	72.549	-67.342	1.084311204e-11	2.499252036e-12	-2.499252036e-12
23343.035	69.546	-82.569	7.19398092e-12	1.672338834e-12	-1.672338834e-12
23466.464	100.787	-53.883	9.45293988e-12	2.153252436e-12	-2.153252436e-12
27140.335	36.615	-36.097	1.252931316e-11	2.808111372e-12	-2.808111372e-12
27252.001	80.404	-75.05	6.12972594e-12	1.373814174e-12	-1.373814174e-12
27433.908	79.024	-101.503	5.27082282e-12	1.188175866e-12	-1.188175866e-12
27599.145	89.299	-86.213	5.42620404e-12	1.223202396e-12	-1.223202396e-12
27755.234	61.082	-66.791	7.4914011e-12	1.690713558e-12	-1.690713558e-12
27906.912	79.903	-90.595	5.61984204e-12	1.268326068e-12	-1.268326068e-12
28073.914	70.861	-87.1	6.0625155e-12	1.366643196e-12	-1.366643196e-12
28231.246	71.490	-86.471	6.07342932e-12	1.372290912e-12	-1.372290912e-12
28393.699	102.101	-90.963	4.8396048e-12	1.112939538e-12	-1.112939538e-12
28576.757	61.960	-80.957	6.52434744e-12	1.489783512e-12	-1.489783512e-12
28692.734	51.290	-54.017	9.09060318e-12	2.054020926e-12	-2.054020926e-12
28828.329	66.134	-84.304	6.83464968e-12	1.485152484e-12	-1.485152484e-12
29021.144	76.412	-126.681	4.54101996e-12	1.043040114e-12	-1.043040114e-12
29188.513	112.120	-90.958	5.63362326e-12	1.161107964e-12	-1.161107964e-12
33187.233	132.312	-113.405	5.09026512e-12	1.115526216e-12	-1.115526216e-12
33428.312	94.326	-108.767	6.3426711e-12	1.388015238e-12	-1.388015238e-12
33656.557	126.842	-133.919	4.79945058e-12	1.054793622e-12	-1.054793622e-12
33923.216	103.393	-139.817	4.96926438e-12	1.122004062e-12	-1.122004062e-12
34145.343	147.041	-118.735	4.49678412e-12	1.023001236e-12	-1.023001236e-12
34396.638	111.376	-104.253	5.68926144e-12	1.280726334e-12	-1.280726334e-12
34606.885	126.787	-98.871	5.42430306e-12	1.224746544e-12	-1.224746544e-12
34904.731	149.863	-171.059	4.92425328e-12	9.73518762e-13	-9.73518762e-13
39098.156	93.694	-84.325	5.3145312e-12	1.19997504e-12	-1.19997504e-12
39284.093	78.255	-92.243	5.40658536e-12	1.217101914e-12	-1.217101914e-12
39467.184	108.286	-104.836	4.5210579e-12	9.97892724e-13	-9.97892724e-13
39674.590	83.915	-99.119	5.26832004e-12	1.16199615e-12	-1.16199615e-12
39890.576	128.690	-132.071	3.538811976e-12	7.96042278e-13	-7.96042278e-13
40157.350	97.605	-138.083	2.96528808e-12	7.72533492e-13	-7.72533492e-13
40382.641	115.524	-127.686	3.79816158e-12	8.56305468e-13	-8.56305468e-13
40666.580	129.951	-168.416	3.71738232e-12	7.64975238e-13	-7.64975238e-13
45068.126	96.571	-114.044	4.15405194e-12	9.34288836e-13	-9.34288836e-13
45290.343	125.086	-125.646	3.311134044e-12	7.69959558e-13	-7.69959558e-13
45502.913	67.970	-87.484	5.63004786e-12	1.270700346e-12	-1.270700346e-12
45629.536	76.742	-58.653	6.47706366e-12	1.451680722e-12	-1.451680722e-12
45823.575	93.318	-117.297	3.488056518e-12	8.52956982e-13	-8.52956982e-13
46044.512	93.024	-127.62	3.3179004e-12	8.12464338e-13	-8.12464338e-13
46253.701	96.957	-116.164	4.04952282e-12	9.15046104e-13	-9.15046104e-13
46427.103	114.100	-76.445	6.0894549e-12	1.187205906e-12	-1.187205906e-12
49909.963	125.511	-112.684	2.777371782e-12	7.25789916e-13	-7.25789916e-13
50140.494	98.073	-105.02	3.209665254e-12	8.45576436e-13	-8.45576436e-13
50353.353	113.379	-114.787	3.84511968e-12	8.67572934e-13	-8.67572934e-13
50566.576	108.263	-99.844	3.14591481e-12	8.23759062e-13	-8.23759062e-13
50796.238	106.767	-121.399	2.89538901e-12	7.51328184e-13	-7.51328184e-13
51021.696	89.417	-118.69	4.22905746e-12	9.51331458e-13	-9.51331458e-13
51211.609	97.582	-100.496	3.308743482e-12	8.65521504e-13	-8.65521504e-13
51474.445	93.000	-165.253	2.722341066e-12	6.8700072e-13	-6.8700072e-13
51659.753	135.858	-92.308	2.888957892e-12	7.51163574e-13	-7.51163574e-13
51938.570	90.221	-142.959	2.804124978e-12	7.36492752e-13	-7.36492752e-13
52174.229	110.291	-145.438	2.926135326e-12	7.14717504e-13	-7.14717504e-13
55692.373	1950.887	-198.35	2.996692128e-12	7.23653172e-13	-7.23653172e-13
57866.115	161.779	-222.855	2.340503922e-12	5.7413313e-13	-5.7413313e-13
61326.135	124.840	-98.309	4.78671012e-12	9.63557202e-13	-9.63557202e-13
63538.632	231.565	-262.373	2.751101442e-12	5.15945796e-13	-5.15945796e-13
67206.284	184.175	-237.052	2.422606434e-12	5.08921728e-13	-5.08921728e-13
68808.985	80.521	-182.748	2.541954348e-12	6.62213994e-13	-6.62213994e-13
69038.957	153.935	-149.451	2.224839024e-12	5.81686782e-13	-5.81686782e-13
69367.812	146.009	-174.92	2.921060736e-12	6.43967064e-13	-6.43967064e-13
73191.074	1515.814	-476.24	2.802447372e-12	7.35051972e-13	-7.35051972e-13
74829.463	110.606	-122.575	3.398780196e-12	8.9391018e-13	-8.9391018e-13
75078.204	180.291	-138.134	3.002187624e-12	7.15253814e-13	-7.15253814e-13
78586.447	129.336	-101.337	2.876795514e-12	7.48817616e-13	-7.48817616e-13
78857.920	86.030	-142.136	2.874539118e-12	7.5358458e-13	-7.5358458e-13
79089.934	117.284	-145.984	2.482954938e-12	6.50262954e-13	-6.50262954e-13
79319.435	138.516	-112.216	2.627823066e-12	6.8262528e-13	-6.8262528e-13
79564.479	126.653	-106.528	2.814882684e-12	7.35689172e-13	-7.35689172e-13
79995.130	277.700	-303.999	1.108074162e-12	2.96243838e-13	-2.96243838e-13
80392.236	123.804	-119.406	2.708391342e-12	7.10027712e-13	-7.10027712e-13
80602.357	156.892	-86.318	2.720230164e-12	7.1313123e-13	-7.1313123e-13
80864.692	135.240	-105.442	2.93285283e-12	7.42322778e-13	-7.42322778e-13
84776.397	1390.496	-565.103	2.670292092e-12	6.97176804e-13	-6.97176804e-13
86251.033	174.115	-84.139	2.577754014e-12	6.72345828e-13	-6.72345828e-13
86596.119	147.453	-170.971	2.37995439e-12	5.8066443e-13	-5.8066443e-13
91737.399	750.958	-1717.358	1.849304496e-12	3.67189686e-13	-3.67189686e-13
97497.578	732.898	-1779.325	1.844618952e-12	3.82156098e-13	-3.82156098e-13
103076.799	898.634	-1637.541	1.35035424e-12	3.229084632e-13	-3.229084632e-13
107385.481	160.593	-130.256	2.370888804e-12	6.16762164e-13	-6.16762164e-13
107769.827	302.784	-223.753	1.308299394e-12	3.435181662e-13	-3.435181662e-13
108378.388	331.083	-305.777	1.084011366e-12	2.846271864e-13	-2.846271864e-13
108909.729	311.235	-200.258	1.344054102e-12	3.51266412e-13	-3.51266412e-13
109414.002	303.392	-193.037	1.76116947e-12	4.08856194e-13	-4.08856194e-13
115181.780	281.212	-245.321	1.64587344e-12	3.91438332e-13	-3.91438332e-13
123291.394	2356.345	-2594.935	8.15651754e-13	2.15512191e-13	-2.15512191e-13
128278.310	3114.807	-2630.572	7.73766474e-13	1.497859668e-13	-1.497859668e-13
168236.180	15794.977	-2630.87	3.97396506e-13	1.065970464e-13	-1.065970464e-13
201478.797	4690.728	-1613.167	2.875066932e-13	7.47469584e-14	-7.47469584e-14
261218.818	8226.506	-10088.809	3.105902898e-13	6.26840544e-14	-6.26840544e-14
400181.300	41487.893	-28126.435	1.414572672e-13	2.855265588e-14	-2.855265588e-14
591275.200	143374.339	-69355.163	6.07936236e-14	1.667610102e-14	-1.667610102e-14
NO NO NO NO NO NO
! PCUL_incbad
763650.836 11679.406 -11394.804 1.066425e-13 0 0
