#|======================================|
#| GRB 050525A							|
#| Redshift = 0.606						|
#|======================================|
#| secs		mag		mag_e	filter		|
#|======================================|
366.2400096	15.09	0.15	R
388.26		14.86	0.13	R
410.3400384	15.09	0.15	R
439.56		15.21	0.16	R
475.8600096	15.2	0.16	R
512.1600192	15.34	0.21	R
598.6800288	15.5	0.18	R
620.2800288	15.63	0.19	R
641.8800288	15.99	0.22	R
670.3199712	15.91	0.21	R
699.84		16.51	0.39	V
707.4599616	15.71	0.2		R
744.1799616	15.8	0.2		R
801.7799904	15.84	0.21	R
868.32		15.84	0.21	R
935.3399616	15.94	0.25	R
1002.299962	16.67	0.27	R
1068.839971	16.35	0.25	R
1135.860019	16.36	0.25	R
1135.860019	16.36	0.25	R
1214.940038	16.52	0.26	R
1281.059971	16.49	0.26	R
1347.120029	16.8	0.31	R
1413.239962	16.33	0.24	R
1546.739971	16.74	0.27	R
1626.659971	16.47	0.25	R
1761.06001	17.03	0.3		R
1827.180029	16.94	0.29	R
1894.140029	17.19	0.31	R
2068.61999	16.52	0.26	R
2194.800019	16.34	0.26	R
2321.820029	16.79	0.35	R
2570.52001	16.43	0.25	R
3140.279971	16.98	0.29	R
3916.49999	17.08	0.3		R
4173.12		16.533	0.093	I
4674.24		16.517	0.097	I
4691.10001	17.66	0.34	R
5106.24		16.656	0.043	I
5495.04		16.547	0.056	I
5875.2		17.5	0.165	V
6499.079971	17.91	0.36	R
7318.08		16.263	0.039	J
7473.6		16.337	0.034	J
7560		16.257	0.035	J
7637.76		16.294	0.034	J
7724.16		16.263	0.034	J
7810.56		16.271	0.034	J
7836.48		17.249	0.098	I
7896.96		16.353	0.035	J
8087.04		15.779	0.068	H
8173.44		15.611	0.072	H
8233.92		18.26	0.134	V
8259.84		15.713	0.064	H
8346.24		16.024	0.093	H
8432.64		15.737	0.067	H
8622.72		17.247	0.043	I
9020.16		18.253	0.072	V
9408.96		17.79	0.054	R
10100.16	17.969	0.043	R
11223.36	17.643	0.054	I
11612.16	18.517	0.082	V
13184.64	19.107	0.293	V
13573.44	17.726	0.159	I
13962.24	19.063	0.142	V
14783.04	18.941	0.09	V
15171.84	18.002	0.098	I
15958.08	18.024	0.09	I
16735.68	18.878	0.128	V
51105.6		19.52	0.119	I
51831.36	19.2	0.059	I
67582.08	20.86	0.079	R
67754.88	20.26	0.1		I
70182.72	20.819	0.07	R
71202.24	20.53	0.07	I
72800.64	20.85	0.079	R
73984.32	20.299	0.1		I
77829.12	20.829	0.119	I
78001.92	20.559	0.27	I
78995.52	21.37	0.27	R
79004.16	21.399	0.23	R
79971.84	20.739	0.28	I
84188.16	20.627	0.129	I