READ TERR 1 2
! WT
125.0553	0.3295	-0.3626	1.658223633e-07	1.812421191e-08	-1.806298902e-08
125.6404	0.2657	-0.2556	2.252682693e-07	2.401895628e-08	-2.390797479e-08
126.1875	0.3182	-0.2814	1.897392954e-07	2.095201677e-08	-2.086623843e-08
126.8302	0.3035	-0.3246	1.848588378e-07	1.99649715e-08	-1.986988152e-08
127.5373	0.3596	-0.4036	1.503609261e-07	1.645608723e-08	-1.637122329e-08
128.2108	0.3320	-0.3139	1.813168713e-07	1.941129468e-08	-1.929542877e-08
128.8537	0.3437	-0.311	1.788530967e-07	1.916380089e-08	-1.902406533e-08
129.5485	0.3375	-0.351	1.637707926e-07	1.834386603e-08	-1.816793928e-08
130.1827	0.3651	-0.2967	1.749130995e-07	1.915838688e-08	-1.884567732e-08
130.9848	0.4775	-0.4369	1.214812785e-07	1.395297438e-08	-1.370982399e-08
131.9731	0.3521	-0.5108	1.31839335e-07	1.518342531e-08	-1.457581413e-08
132.816	0.664	-0.491	1.01125401e-07	1.124532168e-08	-1.091410314e-08
133.972	0.522	-0.493	1.092171933e-07	1.290209256e-08	-1.246165656e-08
134.9936	0.4771	-0.4996	1.141644783e-07	1.288146522e-08	-1.308978459e-08
135.8845	0.4455	-0.4138	1.257019584e-07	1.405739505e-08	-1.602164436e-08
136.7466	0.4338	-0.4166	1.326064404e-07	1.418494623e-08	-1.668672177e-08
137.708	0.497	-0.528	1.084023867e-07	1.182708963e-08	-1.290304887e-08
138.705	0.667	-0.5	9.28234491e-08	1.032876141e-08	-1.11590328e-08
139.968	0.553	-0.596	9.50875035e-08	1.045567632e-08	-1.172140404e-08
141.314	0.683	-0.792	7.38822627e-08	8.1575148e-09	-9.00493881e-09
142.727	0.761	-0.73	7.22378667e-08	8.05437048e-09	-9.31283634e-09
144.137	0.640	-0.65	8.47262466e-08	9.26861367e-09	-1.133877336e-08
145.571	0.594	-0.794	7.55297067e-08	8.54097225e-09	-1.020328287e-08
146.900	0.761	-0.735	7.12279881e-08	7.66178046e-09	-9.38559972e-09
148.307	0.727	-0.646	7.67070729e-08	8.45488911e-09	-1.035010503e-08
149.811	0.820	-0.776	6.41088888e-08	7.30436055e-09	-8.84322336e-09
151.303	0.623	-0.672	8.18136159e-08	9.01642215e-09	-1.106164158e-08
152.523	0.707	-0.597	8.35904094e-08	9.0144219e-09	-1.076635896e-08
154.015	0.675	-0.785	7.35887403e-08	8.02394001e-09	-9.27765099e-09
155.502	0.756	-0.811	6.81878748e-08	7.40327577e-09	-8.26013715e-09
157.143	0.829	-0.885	6.15023154e-08	6.83826801e-09	-7.73137392e-09
158.908	1.009	-0.937	5.38620843e-08	5.9915298e-09	-6.62187144e-09
160.923	0.822	-1.005	5.6751474e-08	5.97287604e-09	-6.7528821e-09
162.1170	0.3806	-0.372	4.01100417e-08	4.17468177e-09	-4.06754076e-09
162.7668	0.3215	-0.2692	5.03433207e-08	5.28997926e-09	-5.1984402e-09
163.4410	0.3304	-0.3528	4.4183808e-08	4.60161894e-09	-4.48088385e-09
164.0573	0.2639	-0.2859	3.642137115e-08	4.62939765e-09	-4.53592692e-09
164.6777	0.3800	-0.3565	3.95585442e-08	4.28673387e-09	-4.19088951e-09
165.4398	0.3954	-0.3821	3.88250811e-08	4.05319611e-09	-3.93822936e-09
166.1099	0.2661	-0.2747	3.646786839e-08	4.72620213e-09	-4.6278546e-09
166.7473	0.3902	-0.3712	3.86579745e-08	4.16830764e-09	-4.04715345e-09
167.4916	0.3380	-0.354	4.25390691e-08	4.53584691e-09	-4.47889503e-09
168.1858	0.3323	-0.3562	4.25359449e-08	4.55415015e-09	-4.47562605e-09
168.8746	0.2680	-0.3565	3.110386464e-08	4.09640532e-09	-4.02208365e-09
169.4057	0.3044	-0.2631	3.501571356e-08	4.47318384e-09	-4.40297697e-09
169.9647	0.2970	-0.2546	3.603235872e-08	4.60320009e-09	-4.53069579e-09
170.5335	0.3491	-0.2719	3.176453769e-08	4.10623512e-09	-4.02978747e-09
171.1327	0.3424	-0.2501	3.354363624e-08	4.2861357e-09	-4.21497633e-09
171.8823	0.2919	-0.4073	2.799398262e-08	3.634725141e-09	-3.583732101e-09
172.4946	0.3112	-0.3204	3.137472516e-08	4.00884771e-09	-3.94242798e-09
173.2432	0.3651	-0.4373	2.439192099e-08	3.128557878e-09	-3.092900088e-09
173.9814	0.3224	-0.3732	2.813489547e-08	3.620883792e-09	-3.568500102e-09
174.6623	0.3674	-0.3584	2.675784336e-08	3.479118264e-09	-3.42829134e-09
175.4046	0.3226	-0.3748	2.848940454e-08	3.611916576e-09	-3.547522242e-09
176.0602	0.3715	-0.333	2.862881625e-08	3.60773091e-09	-3.538129449e-09
176.8095	0.3908	-0.3777	2.527129566e-08	3.291860955e-09	-3.23765037e-09
177.5553	0.3300	-0.355	2.835639744e-08	3.689082792e-09	-3.630610341e-09
178.3114	0.4545	-0.4261	2.222373e-08	2.865483855e-09	-2.819748615e-09
179.1675	0.3990	-0.4016	2.481741036e-08	3.13992387e-09	-3.09034053e-09
180.0695	0.3937	-0.503	2.199264207e-08	2.819778714e-09	-2.765107119e-09
180.9269	0.4046	-0.4637	2.271371124e-08	2.889933768e-09	-2.853388248e-09
181.897	0.440	-0.565	1.976608569e-08	2.491009623e-09	-2.460034704e-09
182.936	0.437	-0.6	1.872703392e-08	2.427231747e-09	-2.397170847e-09
183.902	0.525	-0.528	1.788394569e-08	2.393425617e-09	-2.378124276e-09
185.066	0.594	-0.639	1.539808833e-08	2.049845532e-09	-2.02804395e-09
186.193	0.517	-0.533	1.764659793e-08	2.320134933e-09	-2.301937992e-09
186.9513	0.2619	-0.2416	1.972850004e-08	2.531819676e-09	-2.376912696e-09
187.4412	0.2755	-0.228	1.844900298e-08	2.462156493e-09	-2.316430851e-09
188.0050	0.2437	-0.2882	1.71981114e-08	2.30189151e-09	-2.176450308e-09
188.5217	0.2376	-0.273	1.84055385e-08	2.38127286e-09	-2.249859102e-09
189.0194	0.2417	-0.2601	1.790352528e-08	2.430792573e-09	-2.319343977e-09
189.4938	0.2708	-0.2327	2.151351933e-08	2.633705553e-09	-2.494021047e-09
190.0647	0.2514	-0.3001	1.684218501e-08	2.229273291e-09	-2.11453476e-09
190.6010	0.3164	-0.285	1.562837616e-08	2.004548442e-09	-1.910244465e-09
191.1817	0.2570	-0.2643	1.797883374e-08	2.338409979e-09	-2.231242299e-09
191.7922	0.2568	-0.3535	1.499191947e-08	1.968590805e-09	-1.896514368e-09
192.4003	0.3122	-0.3514	1.403666865e-08	1.812773997e-09	-1.735098765e-09
193.0483	0.3083	-0.3358	1.433411535e-08	1.890421797e-09	-1.792793976e-09
193.6225	0.3141	-0.2659	1.57737048e-08	2.117031072e-09	-1.996235022e-09
194.2320	0.3238	-0.2954	1.504504992e-08	1.954367694e-09	-1.860225642e-09
194.8720	0.3153	-0.3163	1.474883385e-08	1.897187214e-09	-1.823449617e-09
195.5048	0.2874	-0.3175	1.539905226e-08	1.991173818e-09	-1.903543056e-09
196.0865	0.2590	-0.2943	1.72386879e-08	2.205099222e-09	-2.091304428e-09
196.7134	0.4149	-0.3679	1.179680013e-08	1.563891843e-09	-1.47567015e-09
197.5276	0.3391	-0.3993	1.263599073e-08	1.66564437e-09	-1.580569356e-09
198.2148	0.2853	-0.3481	1.473013818e-08	1.90529718e-09	-1.841812674e-09
198.7892	0.2891	-0.2891	1.598990706e-08	2.078280705e-09	-2.022527832e-09
199.4364	0.4104	-0.3581	1.235731971e-08	1.56661866e-09	-1.50988395e-09
200.3659	0.3652	-0.5191	1.074117105e-08	1.377469305e-09	-1.312806366e-09
201.1282	0.3305	-0.3971	1.282134342e-08	1.665378432e-09	-1.603555848e-09
201.7738	0.3415	-0.315	1.446712245e-08	1.862269326e-09	-1.768358922e-09
202.5301	0.3822	-0.4149	1.170520011e-08	1.510621185e-09	-1.46350482e-09
203.4040	0.4620	-0.4917	9.78345516e-09	1.276187694e-09	-1.22339862e-09
204.365	0.512	-0.499	9.06602073e-09	1.217305668e-09	-1.160704689e-09
205.3305	0.4889	-0.454	9.98329728e-09	1.299139896e-09	-1.234304364e-09
206.2646	0.3287	-0.4452	1.227210906e-08	1.573060608e-09	-1.499719251e-09
207.1694	0.4220	-0.5761	9.26330634e-09	1.209317622e-09	-1.171745688e-09
207.9627	0.4525	-0.3712	1.136180862e-08	1.447486437e-09	-1.420454868e-09
208.8869	0.4178	-0.4718	1.062714537e-08	1.381531527e-09	-1.313890692e-09
209.7544	0.5021	-0.4497	9.75481158e-09	1.294764873e-09	-1.234324557e-09
210.7292	0.4898	-0.4727	9.90940995e-09	1.273918077e-09	-1.211045457e-09
211.7053	0.3980	-0.4863	9.37349535e-09	1.207763142e-09	-1.145549652e-09
212.5083	0.4152	-0.405	8.86067697e-09	1.236062679e-09	-1.095672561e-09
213.3688	0.3838	-0.4453	8.43955767e-09	1.192353216e-09	-1.096206723e-09
214.1095	0.3387	-0.3569	1.054412166e-08	1.384754406e-09	-1.288581624e-09
214.8025	0.4819	-0.3543	8.69099481e-09	1.177794063e-09	-1.074787284e-09
215.6591	0.4348	-0.3747	8.97752205e-09	1.148765673e-09	-1.111428816e-09
216.4720	0.4385	-0.3781	8.89943991e-09	1.144255395e-09	-1.101594063e-09
217.4109	0.3678	-0.5004	8.13692175e-09	1.113466023e-09	-1.044117546e-09
218.2454	0.3855	-0.4667	8.4181188e-09	1.151920353e-09	-1.071352569e-09
219.0747	0.4138	-0.4437	8.31702426e-09	1.103926926e-09	-1.054321107e-09
219.941	0.565	-0.452	7.14130779e-09	9.03483588e-10	-8.83917714e-10
221.091	0.537	-0.585	6.45061194e-09	8.49327486e-10	-8.11376457e-10
222.1413	0.4856	-0.5125	7.28111955e-09	9.72341337e-10	-9.00557889e-10
223.0571	0.4576	-0.4302	8.12870358e-09	1.04823768e-09	-1.018643886e-09
224.012	0.515	-0.498	7.26455367e-09	9.16669236e-10	-8.88531243e-10
225.0549	0.4720	-0.5279	7.35514785e-09	9.18788358e-10	-8.9932383e-10
225.9429	0.5251	-0.416	7.7421486e-09	9.7952433e-10	-9.58290057e-10
227.056	0.490	-0.588	6.82120683e-09	8.5405722e-10	-8.3430618e-10
228.059	0.583	-0.513	6.58673181e-09	8.55623892e-10	-8.2530696e-10
229.224	0.651	-0.582	5.96477979e-09	7.47253014e-10	-7.29479364e-10
230.416	0.610	-0.541	6.27113808e-09	8.17036974e-10	-7.85670387e-10
231.595	0.625	-0.568	6.16034709e-09	7.78525875e-10	-7.53499509e-10
232.924	0.569	-0.704	5.65381902e-09	7.21793451e-10	-7.08113265e-10
234.049	0.551	-0.555	6.5000124e-09	8.0896587e-10	-7.94423862e-10
235.100	0.561	-0.5	6.59607393e-09	8.52290142e-10	-8.36311002e-10
236.319	0.473	-0.658	6.35692785e-09	7.91454729e-10	-7.76966061e-10
237.486	0.695	-0.694	5.03362341e-09	6.50707614e-10	-6.38245866e-10
238.973	0.600	-0.791	5.07482094e-09	6.4685037e-10	-6.35464185e-10
240.182	0.596	-0.609	5.86190598e-09	7.46879253e-10	-7.33999548e-10
241.601	0.692	-0.824	4.65787359e-09	5.93869653e-10	-5.83290045e-10
242.8026	0.3484	-0.5092	4.5724953e-09	5.6708421e-10	-5.66300493e-10
243.4325	0.2646	-0.2816	5.07890526e-09	6.20488218e-10	-6.20487837e-10
243.9378	0.2717	-0.2407	5.73718563e-09	6.80879766e-10	-6.80879766e-10
244.5220	0.3244	-0.3125	4.35537483e-09	5.32094694e-10	-5.32094313e-10
245.1440	0.3376	-0.2976	4.36757064e-09	5.33584404e-10	-5.33584023e-10
245.7563	0.2661	-0.2747	5.12902581e-09	6.26611269e-10	-6.26611269e-10
246.2912	0.3148	-0.2687	4.70554812e-09	5.82755883e-10	-5.82755502e-10
246.8795	0.2282	-0.2735	3.713618049e-09	5.53594143e-10	-5.53594143e-10
247.3571	0.2968	-0.2494	5.07889764e-09	6.20487075e-10	-6.20487075e-10
247.9569	0.2735	-0.303	4.666107e-09	5.93969475e-10	-5.93969094e-10
248.5733	0.3384	-0.343	4.02981795e-09	4.99070376e-10	-4.99069995e-10
249.1539	0.2862	-0.2422	3.526055559e-09	5.25634077e-10	-5.25633696e-10
249.7269	0.2613	-0.2867	3.400130487e-09	5.06862207e-10	-5.06861826e-10
250.3089	0.3482	-0.3208	4.10484066e-09	5.08361442e-10	-5.08361442e-10
250.9305	0.2781	-0.2734	4.97878227e-09	6.16594017e-10	-6.16594017e-10
251.4912	0.2583	-0.2826	3.444863697e-09	5.13530469e-10	-5.13530469e-10
252.0557	0.3343	-0.3062	4.28728632e-09	5.30955885e-10	-5.30955885e-10
252.6806	0.2520	-0.2906	5.18850372e-09	6.29199402e-10	-6.29199402e-10
253.2915	0.2940	-0.3589	4.2485691e-09	5.19045825e-10	-5.19045825e-10
253.8431	0.2815	-0.2575	3.45354021e-09	5.14823964e-10	-5.14823964e-10
254.4180	0.3596	-0.2933	4.24375707e-09	5.18458323e-10	-5.18458323e-10
255.0632	0.2695	-0.2856	4.991862e-09	6.09854127e-10	-6.09853746e-10
255.6900	0.3418	-0.3574	2.661716673e-09	3.96785592e-10	-3.96785592e-10
256.3212	0.2586	-0.2893	3.722403147e-09	5.36130246e-10	-5.36130246e-10
256.8720	0.2202	-0.2921	3.577466175e-09	5.44234878e-10	-5.44234878e-10
257.3811	0.3320	-0.2889	4.46263776e-09	5.45199189e-10	-5.45198808e-10
257.9942	0.2277	-0.2811	3.73881015e-09	5.51258232e-10	-5.51257851e-10
258.5266	0.2397	-0.3047	3.442867638e-09	5.17804527e-10	-5.17804527e-10
259.0764	0.3233	-0.31	3.742876182e-09	4.9925859e-10	-4.9925859e-10
259.6776	0.2719	-0.2778	3.385294347e-09	5.04650502e-10	-5.04650502e-10
260.2598	0.2679	-0.3103	3.170062113e-09	4.82256846e-10	-4.82256846e-10
260.7995	0.2335	-0.2717	3.683295402e-09	5.49073959e-10	-5.49073578e-10
261.3658	0.3468	-0.3328	4.0771191e-09	4.98099969e-10	-4.98099969e-10
261.9949	0.2781	-0.2823	3.320807049e-09	4.9503711e-10	-4.9503711e-10
262.5294	0.3112	-0.2563	3.716394777e-09	5.20399899e-10	-5.20399899e-10
263.1197	0.2582	-0.2791	3.463755582e-09	5.16346821e-10	-5.16346821e-10
263.6409	0.2440	-0.263	3.751935219e-09	5.53193331e-10	-5.53193331e-10
264.1680	0.2987	-0.283	4.76288481e-09	5.81879964e-10	-5.81879964e-10
264.7408	0.2490	-0.2741	3.716215326e-09	5.42066226e-10	-5.42066226e-10
265.3405	0.3484	-0.3508	3.92290935e-09	4.85830245e-10	-4.85830245e-10
265.9136	0.3127	-0.2246	3.411558582e-09	5.18995533e-10	-5.18995533e-10
266.5735	0.3485	-0.3472	3.94297662e-09	4.88315127e-10	-4.88315127e-10
267.2281	0.2614	-0.3061	3.279232329e-09	4.88839764e-10	-4.88839383e-10
267.7416	0.2727	-0.2521	3.546011577e-09	5.28608925e-10	-5.28608544e-10
268.2795	0.3255	-0.2652	3.78099447e-09	5.14528689e-10	-5.14528689e-10
268.9141	0.2691	-0.3091	3.218688e-09	4.79814255e-10	-4.79814255e-10
269.4362	0.2558	-0.253	3.602415198e-09	5.480304e-10	-5.48030019e-10
270.0116	0.2960	-0.3195	2.977714644e-09	4.52995665e-10	-4.52995284e-10
270.7331	0.2969	-0.4255	2.49878088e-09	3.88003161e-10	-3.88003161e-10
271.3198	0.3222	-0.2898	3.670790601e-09	5.03253375e-10	-5.03252994e-10
271.9611	0.3533	-0.3192	2.767390833e-09	4.12538799e-10	-4.12538799e-10
272.6301	0.3782	-0.3157	3.99355818e-09	4.87891455e-10	-4.87891455e-10
273.3522	0.2984	-0.3438	2.85399099e-09	4.34173503e-10	-4.34173503e-10
274.0303	0.3818	-0.3797	2.49841131e-09	3.683710692e-10	-3.683709549e-10
274.7300	0.4168	-0.318	2.532875427e-09	3.775791915e-10	-3.775791153e-10
275.4767	0.2928	-0.3299	2.943763353e-09	4.47830448e-10	-4.47830448e-10
276.0886	0.2342	-0.3191	3.312911967e-09	5.03988705e-10	-5.03988324e-10
276.6764	0.3243	-0.3536	2.745674595e-09	4.09301442e-10	-4.09301442e-10
277.2546	0.2585	-0.2539	3.577484082e-09	5.44237545e-10	-5.44237545e-10
277.7596	0.3566	-0.2466	3.085846635e-09	4.60011399e-10	-4.60011399e-10
278.4244	0.3394	-0.3082	2.830537773e-09	4.30605819e-10	-4.30605438e-10
279.0914	0.3734	-0.3276	3.95311503e-09	4.82950647e-10	-4.82950647e-10
279.7424	0.2561	-0.2776	3.564495792e-09	5.25556734e-10	-5.25556734e-10
280.3654	0.3217	-0.3669	2.662314843e-09	4.05014049e-10	-4.05014049e-10
280.9795	0.2538	-0.2924	3.304665603e-09	5.1313842e-10	-5.1313842e-10
281.6360	0.3534	-0.4028	2.461413543e-09	3.669262791e-10	-3.669262029e-10
282.3437	0.2986	-0.3543	2.807400024e-09	4.2708576e-10	-4.2708576e-10
283.0180	0.3004	-0.3756	2.711360973e-09	4.12475553e-10	-4.12475553e-10
283.7304	0.3334	-0.412	2.458988097e-09	3.740823354e-10	-3.740822592e-10
284.2918	0.2862	-0.2279	3.565111488e-09	5.42355405e-10	-5.42355024e-10
284.9006	0.3660	-0.3226	2.703102417e-09	4.02955125e-10	-4.02955125e-10
285.6270	0.4046	-0.3604	2.432741007e-09	3.626520306e-10	-3.626519544e-10
286.4585	0.3648	-0.4269	2.350648842e-09	3.504144249e-10	-3.504143487e-10
287.1874	0.3387	-0.3641	2.568284043e-09	3.98795367e-10	-3.98795367e-10
287.9475	0.3293	-0.4215	2.441362275e-09	3.714009336e-10	-3.714008574e-10
288.6273	0.3558	-0.3505	2.634932373e-09	3.92793093e-10	-3.92792712e-10
289.4517	0.3765	-0.4685	2.202189144e-09	3.282833541e-10	-3.282832779e-10
290.1556	0.3576	-0.3274	2.71698339e-09	4.05024336e-10	-4.05024336e-10
290.8701	0.2853	-0.3569	2.853891168e-09	4.34158263e-10	-4.34158263e-10
291.5786	0.3490	-0.4231	2.410230003e-09	3.592962969e-10	-3.592962207e-10
292.450	0.486	-0.523	1.817028624e-09	2.764219389e-10	-2.764219008e-10
293.3031	0.4642	-0.3667	2.239911954e-09	3.339066855e-10	-3.339066093e-10
294.1971	0.3992	-0.4299	2.210847369e-09	3.36333084e-10	-3.363330078e-10
295.0458	0.3653	-0.4495	2.28392736e-09	3.404681913e-10	-3.404681151e-10
295.8317	0.3036	-0.4205	2.570122749e-09	3.83131695e-10	-3.83131695e-10
296.5487	0.4601	-0.4134	2.035492119e-09	3.226679856e-10	-3.226679094e-10
297.3880	0.3752	-0.3792	2.469906414e-09	3.68192304e-10	-3.681922278e-10
298.1863	0.4148	-0.4232	2.189890845e-09	3.331449522e-10	-3.33144876e-10
298.9924	0.3667	-0.3912	2.458313727e-09	3.664641642e-10	-3.66464088e-10
299.8029	0.4030	-0.4439	2.200085262e-09	3.279696768e-10	-3.279696006e-10
300.6801	0.4777	-0.4742	1.927922865e-09	2.932921236e-10	-2.932920855e-10
301.5913	0.5414	-0.4336	1.911023229e-09	2.848788054e-10	-2.848787673e-10
302.5166	0.4897	-0.3839	2.03632308e-09	3.227996592e-10	-3.227996211e-10
303.536	0.536	-0.529	1.748314893e-09	2.606236977e-10	-2.606236596e-10
304.5751	0.3580	-0.5031	2.098424937e-09	3.258369912e-10	-3.258369531e-10
305.3612	0.4543	-0.4281	2.07951324e-09	3.163533678e-10	-3.163533297e-10
306.1874	0.3220	-0.3719	2.604195579e-09	4.04371683e-10	-4.04371302e-10
307.020	0.628	-0.511	1.635635667e-09	2.438264364e-10	-2.438263983e-10
308.1864	0.4561	-0.5384	1.871363034e-09	2.789665998e-10	-2.789665617e-10
309.1106	0.4126	-0.4681	2.113316703e-09	3.150349935e-10	-3.150349173e-10
310.040	0.549	-0.517	1.74639732e-09	2.603377953e-10	-2.603377572e-10
310.9555	0.4091	-0.3666	2.399292636e-09	3.576658074e-10	-3.576657312e-10
311.9398	0.4247	-0.5752	1.861375119e-09	2.77477728e-10	-2.774776518e-10
312.974	0.504	-0.609	1.671072096e-09	2.491090014e-10	-2.491089633e-10
313.9131	0.3675	-0.4348	2.319496377e-09	3.45770454e-10	-3.457703778e-10
314.941	0.516	-0.66	1.58259018e-09	2.359188576e-10	-2.359187814e-10
315.8987	0.5329	-0.4421	1.908926967e-09	2.845663092e-10	-2.845662711e-10
316.9039	0.4617	-0.4723	1.992535131e-09	2.97029886e-10	-2.970298479e-10
317.8441	0.4805	-0.4784	1.911457569e-09	2.907873153e-10	-2.907872391e-10
318.7525	0.4723	-0.4279	2.004910011e-09	3.113162811e-10	-3.11316243e-10
319.7074	0.5013	-0.4825	1.891596039e-09	2.819827863e-10	-2.819827101e-10
320.6335	0.4239	-0.4247	2.192982279e-09	3.269108397e-10	-3.269107635e-10
321.586	0.633	-0.528	1.553601795e-09	2.412385701e-10	-2.41238532e-10
322.6337	0.4572	-0.4146	2.134800912e-09	3.182376795e-10	-3.182376414e-10
323.5919	0.3957	-0.5009	2.075502834e-09	3.093980604e-10	-3.093979842e-10
324.504	0.529	-0.517	1.752157278e-09	2.665532007e-10	-2.665531626e-10
325.4608	0.4821	-0.4271	2.016181134e-09	3.06718716e-10	-3.067186779e-10
326.617	0.466	-0.674	1.607283552e-09	2.445137223e-10	-2.445136842e-10
327.5888	0.4499	-0.5055	1.947956226e-09	2.903845221e-10	-2.903844459e-10
328.733	0.576	-0.695	1.420904067e-09	2.20633671e-10	-2.206336329e-10
329.8135	0.3869	-0.5045	2.02503024e-09	3.144405192e-10	-3.144404811e-10
330.739	0.573	-0.539	1.623264597e-09	2.520555792e-10	-2.520555411e-10
331.932	0.696	-0.62	1.392331734e-09	2.118134448e-10	-2.118134067e-10
333.205	0.529	-0.576	1.659139176e-09	2.524024416e-10	-2.524024035e-10
334.329	0.675	-0.596	1.465139691e-09	2.184103455e-10	-2.184103074e-10
335.448	0.606	-0.444	1.746314262e-09	2.656642896e-10	-2.656642134e-10
336.5808	0.4354	-0.5271	1.933660344e-09	2.882533605e-10	-2.882532843e-10
337.597	0.470	-0.581	1.770068088e-09	2.638664649e-10	-2.638663887e-10
338.669	0.648	-0.601	1.490180916e-09	2.221432692e-10	-2.221432311e-10
339.875	0.513	-0.558	1.711453143e-09	2.603608839e-10	-2.603608458e-10
340.967	0.539	-0.58	1.637988342e-09	2.491848585e-10	-2.491847823e-10
342.091	0.613	-0.584	1.554352746e-09	2.317094553e-10	-2.317094172e-10
343.296	0.533	-0.592	1.630213275e-09	2.480020059e-10	-2.480019678e-10
344.328	0.593	-0.5	1.703711985e-09	2.539746762e-10	-2.539746e-10
345.606	0.612	-0.685	1.413298926e-09	2.150031387e-10	-2.150031006e-10
346.771	0.470	-0.553	1.819268142e-09	2.71200753e-10	-2.712007149e-10
347.803	0.492	-0.563	1.764045621e-09	2.629687146e-10	-2.629686384e-10
349.004	0.631	-0.708	1.368253677e-09	2.081504727e-10	-2.081503965e-10
350.388	0.655	-0.752	1.32249291e-09	1.971458211e-10	-1.97145783e-10
351.670	0.652	-0.627	1.454928129e-09	2.168881362e-10	-2.168880981e-10
353.011	0.650	-0.689	1.389234204e-09	2.070950646e-10	-2.070950265e-10
354.234	0.688	-0.572	1.388354094e-09	2.247259158e-10	-2.247258777e-10
355.550	0.736	-0.629	1.363895799e-09	2.033178306e-10	-2.033177925e-10
356.901	0.613	-0.615	1.493201103e-09	2.271585627e-10	-2.271584865e-10
358.024	0.722	-0.511	1.50951438e-09	2.250253437e-10	-2.250253056e-10
359.378	0.629	-0.631	1.455238263e-09	2.213833266e-10	-2.213832885e-10
360.772	0.533	-0.766	1.443216189e-09	2.170586337e-10	-2.170585956e-10
361.886	0.656	-0.581	1.505156883e-09	2.243757768e-10	-2.243757387e-10
363.169	0.514	-0.628	1.629413175e-09	2.428988157e-10	-2.428987776e-10
364.341	0.650	-0.657	1.423243788e-09	2.121648792e-10	-2.121648411e-10
365.511	0.489	-0.52	1.817106348e-09	2.764338261e-10	-2.764337499e-10
366.696	0.527	-0.695	1.522684407e-09	2.269885986e-10	-2.269885605e-10
367.792	0.606	-0.57	1.558698051e-09	2.371225509e-10	-2.371224747e-10
369.043	0.741	-0.645	1.322592732e-09	2.012041188e-10	-2.012040807e-10
370.559	0.677	-0.775	1.281968226e-09	1.911047613e-10	-1.911047232e-10
371.809	0.822	-0.573	1.334328675e-09	1.98910194e-10	-1.989101178e-10
373.236	0.665	-0.605	1.443037119e-09	2.195272089e-10	-2.195271327e-10
374.454	0.564	-0.553	1.665785721e-09	2.48320941e-10	-2.483209029e-10
375.655	0.623	-0.636	1.477561434e-09	2.202621198e-10	-2.202620436e-10
376.899	0.641	-0.621	1.475476602e-09	2.199513e-10	-2.199512238e-10
378.321	0.649	-0.781	1.281503406e-09	1.949532804e-10	-1.949532423e-10
379.591	0.681	-0.621	1.407552684e-09	2.141289723e-10	-2.141289342e-10
380.889	0.465	-0.617	1.720581141e-09	2.564893905e-10	-2.564893524e-10
381.931	0.656	-0.577	1.509476661e-09	2.250197811e-10	-2.250197049e-10
383.119	0.554	-0.532	1.68892347e-09	2.569335603e-10	-2.569334841e-10
384.377	0.501	-0.705	1.542813018e-09	2.299892022e-10	-2.299891641e-10
385.801	0.805	-0.922	1.06101261e-09	1.614103452e-10	-1.614103071e-10
387.451	0.804	-0.845	1.11138843e-09	1.690738935e-10	-1.690738935e-10
388.939	0.699	-0.683	1.346236449e-09	2.006853111e-10	-2.00685273e-10
390.134	0.548	-0.496	1.781988054e-09	2.656434108e-10	-2.656433346e-10
391.599	0.802	-0.917	1.08284391e-09	1.614210513e-10	-1.614210132e-10
393.037	0.610	-0.637	1.448779551e-09	2.249620215e-10	-2.249619834e-10
394.399	0.706	-0.751	1.278696198e-09	1.906170051e-10	-1.90616967e-10
395.752	0.641	-0.647	1.446480978e-09	2.15628855e-10	-2.156288169e-10
396.994	0.610	-0.601	1.53781506e-09	2.292441948e-10	-2.292441567e-10
398.309	0.749	-0.704	1.281825732e-09	1.910835015e-10	-1.910834634e-10
399.764	0.671	-0.706	1.332622938e-09	2.027299857e-10	-2.027299476e-10
401.226	0.908	-0.791	1.096598772e-09	1.63471479e-10	-1.634714409e-10
402.944	0.785	-0.809	1.150715631e-09	1.750567365e-10	-1.750566984e-10
404.690	0.817	-0.962	1.046084268e-09	1.559412426e-10	-1.559412045e-10
406.306	0.853	-0.798	1.127246793e-09	1.680402024e-10	-1.680401643e-10
407.810	0.686	-0.652	1.3910691e-09	2.073685845e-10	-2.073685464e-10
409.248	0.822	-0.752	1.182016686e-09	1.762048419e-10	-1.762048038e-10
410.872	0.979	-0.801	1.029270738e-09	1.56581475e-10	-1.565814369e-10
412.661	0.783	-0.809	1.168810083e-09	1.742361006e-10	-1.742360625e-10
414.154	0.571	-0.71	1.43100552e-09	2.176968468e-10	-2.176968087e-10
415.481	0.661	-0.755	1.294383873e-09	1.969127634e-10	-1.969127253e-10
416.885	0.646	-0.744	1.319244885e-09	2.006948361e-10	-2.006947599e-10
418.401	0.881	-0.87	1.063124874e-09	1.584814458e-10	-1.584814077e-10
420.218	0.649	-0.936	1.156375005e-09	1.759176822e-10	-1.759176441e-10
421.634	0.880	-0.767	1.129727103e-09	1.684099629e-10	-1.684099248e-10
423.299	0.747	-0.785	1.215000237e-09	1.811217231e-10	-1.81121685e-10
424.813	0.960	-0.767	1.077352557e-09	1.606023966e-10	-1.606023585e-10
426.489	0.792	-0.715	1.235073603e-09	1.841140971e-10	-1.84114059e-10
428.023	0.692	-0.742	1.278315579e-09	1.944683055e-10	-1.944682674e-10
429.689	0.862	-0.974	1.01366955e-09	1.511090958e-10	-1.511090577e-10
431.349	0.715	-0.799	1.192170336e-09	1.851165462e-10	-1.851165081e-10
432.813	0.717	-0.749	1.269547626e-09	1.892531775e-10	-1.892531394e-10
434.200	0.750	-0.67	1.310911272e-09	1.954193196e-10	-1.954192815e-10
435.773	0.837	-0.823	1.105387299e-09	1.681609794e-10	-1.681609413e-10
437.575	1.005	-0.965	9.31729404e-10	1.41742668e-10	-1.417426299e-10
439.423	0.771	-0.843	1.119760905e-09	1.738730457e-10	-1.738730076e-10
440.946	0.752	-0.753	1.237855665e-09	1.845288537e-10	-1.845288156e-10
442.403	0.661	-0.705	1.36357614e-09	2.032701675e-10	-2.032701294e-10
444.231	0.807	-1.166	9.01551918e-10	1.429147764e-10	-1.429147383e-10
445.925	0.796	-0.887	1.089702672e-09	1.657749288e-10	-1.657748907e-10
447.387	0.914	-0.666	1.177984944e-09	1.756038144e-10	-1.756037763e-10
449.529	1.176	-1.228	7.50912519e-10	1.165994112e-10	-1.165993731e-10
451.702	0.782	-0.997	1.04605074e-09	1.559362134e-10	-1.559361753e-10
453.185	0.795	-0.701	1.225049874e-09	1.863651213e-10	-1.863650832e-10
454.935	0.945	-0.955	9.79458417e-10	1.460092203e-10	-1.460091822e-10
456.765	0.821	-0.885	1.091577192e-09	1.627228902e-10	-1.627228521e-10
458.734	0.948	-1.148	8.89005969e-10	1.325253255e-10	-1.325252874e-10
460.629	0.982	-0.947	9.51518925e-10	1.447531776e-10	-1.447531776e-10
462.449	0.733	-0.838	1.186011852e-09	1.76800383e-10	-1.768003449e-10
464.241	1.035	-1.059	8.76335052e-10	1.333155957e-10	-1.333155957e-10
466.176	0.939	-0.9	9.97530771e-10	1.517529477e-10	-1.517529096e-10
468.045	0.687	-0.93	1.152085326e-09	1.717429509e-10	-1.717429128e-10
469.710	0.946	-0.977	9.54156969e-10	1.451545611e-10	-1.45154523e-10
471.398	0.839	-0.742	1.178004756e-09	1.756067862e-10	-1.756067481e-10
472.988	0.931	-0.75	1.108196412e-09	1.652003427e-10	-1.652003427e-10
474.789	0.854	-0.87	1.064441991e-09	1.619320104e-10	-1.619320104e-10
476.768	1.004	-1.125	8.74892205e-10	1.304213673e-10	-1.304213292e-10
478.981	0.839	-1.209	9.08912457e-10	1.354928583e-10	-1.354928202e-10
481.187	1.051	-1.367	7.69742682e-10	1.147466082e-10	-1.147466082e-10
482.875	1.095	-0.637	1.074005472e-09	1.60103439e-10	-1.601034009e-10
485.194	0.809	-1.223	9.1600782e-10	1.365505143e-10	-1.365504762e-10
487.260	0.931	-1.258	8.24813946e-10	1.280745978e-10	-1.280745597e-10
489.357	0.981	-1.166	8.66680512e-10	1.291972524e-10	-1.291972143e-10
491.135	0.822	-0.797	1.149542151e-09	1.713638178e-10	-1.713638178e-10
493.095	0.930	-1.137	8.86660152e-10	1.348863444e-10	-1.348863444e-10
495.446	1.153	-1.421	7.22933022e-10	1.077685932e-10	-1.077685551e-10
497.712	1.093	-1.113	8.43615915e-10	1.257589941e-10	-1.25758956e-10
500.107	1.228	-1.302	7.35646992e-10	1.096638777e-10	-1.096638396e-10
502.365	0.959	-1.03	9.35680755e-10	1.394831856e-10	-1.394831475e-10
504.136	0.608	-0.812	1.310890317e-09	1.954161954e-10	-1.954161573e-10
505.811	1.101	-1.067	8.45206209e-10	1.285799943e-10	-1.285799943e-10
507.977	1.058	-1.065	8.96343267e-10	1.321587273e-10	-1.321587273e-10
509.766	0.833	-0.731	1.190039022e-09	1.774007247e-10	-1.774006866e-10
511.352	0.697	-0.753	1.283417169e-09	1.913207502e-10	-1.913207121e-10
512.942	0.801	-0.893	1.082145537e-09	1.646252613e-10	-1.646252232e-10
514.920	0.978	-1.177	8.50703658e-10	1.294163655e-10	-1.294163274e-10
516.793	0.956	-0.896	9.89627307e-10	1.50550626e-10	-1.505505879e-10
518.649	0.855	-0.899	1.06084878e-09	1.581422034e-10	-1.581421653e-10
520.555	1.160	-1.051	8.41969995e-10	1.255136301e-10	-1.25513592e-10
522.768	1.029	-1.053	8.81567325e-10	1.341115809e-10	-1.341115428e-10
524.979	1.178	-1.182	7.89175587e-10	1.176434655e-10	-1.176434274e-10
527.331	1.170	-1.173	7.95167574e-10	1.1853672e-10	-1.185366819e-10
529.467	1.032	-0.966	9.18462984e-10	1.397244348e-10	-1.397243967e-10
531.693	0.983	-1.195	8.54790264e-10	1.274247261e-10	-1.274247261e-10
533.646	1.054	-0.969	9.19951932e-10	1.371384735e-10	-1.371384354e-10
535.738	1.315	-1.039	7.78686657e-10	1.184604819e-10	-1.184604438e-10
538.200	1.016	-1.147	8.79300375e-10	1.29645918e-10	-1.29645918e-10
540.354	1.098	-1.138	8.32128384e-10	1.240465134e-10	-1.240464753e-10
542.533	0.946	-1.08	9.24951795e-10	1.391120535e-10	-1.391120154e-10
544.570	0.770	-1.091	1.00007547e-09	1.490825949e-10	-1.490825568e-10
546.355	0.987	-1.015	9.29848026e-10	1.386137055e-10	-1.386136674e-10
548.086	0.855	-0.744	1.163603337e-09	1.734598893e-10	-1.734598893e-10
549.955	1.108	-1.014	8.76855498e-10	1.307140515e-10	-1.307140515e-10
552.335	1.099	-1.271	7.73493627e-10	1.176704784e-10	-1.176704403e-10
554.625	1.173	-1.192	7.75238226e-10	1.17935883e-10	-1.179358449e-10
556.722	0.791	-0.924	1.085141721e-09	1.617635322e-10	-1.617634941e-10
558.405	0.949	-0.893	1.01070156e-09	1.506666405e-10	-1.506666024e-10
560.445	0.989	-1.091	8.67842181e-10	1.347558519e-10	-1.347558519e-10
562.450	0.966	-1.016	9.39030126e-10	1.399824861e-10	-1.39982448e-10
564.491	0.754	-1.075	1.017619758e-09	1.516979694e-10	-1.516979694e-10
566.035	0.927	-0.79	1.084054728e-09	1.616014929e-10	-1.616014548e-10
568.294	1.217	-1.332	7.30016193e-10	1.088244966e-10	-1.088244585e-10
570.690	1.209	-1.179	7.67755386e-10	1.167975312e-10	-1.167974931e-10
573.245	1.243	-1.346	7.18974051e-10	1.071784242e-10	-1.071784242e-10
576.012	1.397	-1.524	6.17857032e-10	9.59389623e-11	-9.59389242e-11
578.751	1.218	-1.342	7.26956763e-10	1.083684396e-10	-1.083684015e-10
580.900	0.983	-0.931	9.57543297e-10	1.456697112e-10	-1.456696731e-10
583.089	1.259	-1.205	7.55300115e-10	1.125936153e-10	-1.125936153e-10
585.348	0.923	-1	9.53956182e-10	1.451240049e-10	-1.451239668e-10
587.665	1.111	-1.394	7.43769531e-10	1.108747719e-10	-1.108747338e-10
589.719	1.227	-0.943	8.32478904e-10	1.292647656e-10	-1.292647275e-10
592.150	1.182	-1.203	7.57362849e-10	1.176010221e-10	-1.17600984e-10
595.186	1.751	-1.853	5.09100201e-10	7.74486513e-11	-7.74486513e-11
598.163	0.882	-1.226	8.70423075e-10	1.324162452e-10	-1.324162071e-10
600.567	0.931	-1.522	7.59429774e-10	1.132092351e-10	-1.132092351e-10
602.372	0.898	-0.874	1.051459416e-09	1.567424856e-10	-1.567424475e-10
604.577	1.206	-1.306	7.30489776e-10	1.111283655e-10	-1.111283655e-10
606.824	0.969	-1.042	9.25906962e-10	1.380262035e-10	-1.380262035e-10
609.034	1.111	-1.241	7.91303853e-10	1.179607242e-10	-1.179607242e-10
611.074	0.791	-0.929	1.081793493e-09	1.612644603e-10	-1.612644222e-10
613.512	1.537	-1.646	5.84737083e-10	8.71675422e-11	-8.71675422e-11
615.994	0.949	-0.946	9.82245051e-10	1.464246246e-10	-1.464245865e-10
617.869	1.084	-0.926	9.25727511e-10	1.379994192e-10	-1.379994192e-10
620.053	1.341	-1.1	7.62443103e-10	1.136584341e-10	-1.136584341e-10
622.770	1.247	-1.376	6.98974218e-10	1.063339377e-10	-1.063338996e-10
625.086	1.064	-1.069	8.59289112e-10	1.307224335e-10	-1.307223954e-10
627.235	1.184	-1.085	8.20454163e-10	1.223062197e-10	-1.223061816e-10
629.498	0.996	-1.08	8.96393178e-10	1.336265679e-10	-1.336265298e-10
631.968	1.193	-1.474	6.87328572e-10	1.045623258e-10	-1.045623258e-10
634.381	1.483	-1.219	6.7827906e-10	1.031856204e-10	-1.031855823e-10
637.178	1.186	-1.314	7.22085297e-10	1.121231946e-10	-1.121231565e-10
639.540	1.349	-1.176	7.37203377e-10	1.098959067e-10	-1.098958686e-10
642.128	1.172	-1.239	7.72022967e-10	1.150865364e-10	-1.150864983e-10
644.486	1.437	-1.187	7.09214355e-10	1.057235376e-10	-1.057234995e-10
647.036	1.184	-1.113	7.98068508e-10	1.214090409e-10	-1.214090409e-10
649.928	1.339	-1.708	6.10687374e-10	9.10359876e-11	-9.10359876e-11
652.394	1.167	-1.127	8.11567338e-10	1.209814065e-10	-1.209814065e-10
654.796	1.199	-1.235	7.64700528e-10	1.139949333e-10	-1.139948952e-10
657.163	1.280	-1.168	7.48782729e-10	1.139112276e-10	-1.139111895e-10
660.435	1.724	-1.992	4.78500948e-10	7.58524137e-11	-7.58523756e-11
663.459	1.361	-1.299	6.89920134e-10	1.049565465e-10	-1.049565084e-10
666.033	1.592	-1.214	6.54050889e-10	9.94998264e-11	-9.94997883e-11
669.266	2.099	-1.641	4.75538292e-10	7.5382755e-11	-7.5382755e-11
672.738	0.985	-1.373	7.77580233e-10	1.182921942e-10	-1.182921561e-10
675.173	1.245	-1.45	6.8006214e-10	1.034568543e-10	-1.034568543e-10
677.790	1.191	-1.373	7.25939112e-10	1.082167254e-10	-1.082166873e-10
680.374	1.103	-1.393	7.45600236e-10	1.111476441e-10	-1.11147606e-10
682.721	1.087	-1.243	7.74432411e-10	1.202515248e-10	-1.202514867e-10
684.835	0.849	-1.026	9.92481378e-10	1.479505296e-10	-1.479504915e-10
686.949	1.446	-1.265	6.76043733e-10	1.028455779e-10	-1.028455779e-10
689.699	1.461	-1.304	6.62992959e-10	1.008601869e-10	-1.008601488e-10
692.125	1.226	-0.966	8.49099267e-10	1.265763915e-10	-1.265763534e-10
694.461	1.063	-1.11	8.43818607e-10	1.283689584e-10	-1.283689203e-10
697.045	1.269	-1.521	6.67145478e-10	9.94523157e-11	-9.94522776e-11
699.746	1.056	-1.433	7.47737265e-10	1.114662363e-10	-1.114661982e-10
702.197	1.342	-1.395	6.69906204e-10	1.019118612e-10	-1.019118612e-10
705.188	1.394	-1.65	6.11403654e-10	9.11427438e-11	-9.11427438e-11
707.949	1.588	-1.366	6.20678718e-10	9.44229633e-11	-9.44229252e-11
710.772	1.600	-1.236	6.56280882e-10	9.78326847e-11	-9.78326466e-11
713.470	1.208	-1.098	8.0716374e-10	1.203249816e-10	-1.203249435e-10
716.211	1.360	-1.533	6.43344789e-10	9.59042913e-11	-9.59042913e-11
718.659	0.942	-1.088	9.16817826e-10	1.366712913e-10	-1.366712532e-10
720.786	1.531	-1.185	6.74718234e-10	1.026439146e-10	-1.026438765e-10
723.753	1.297	-1.436	6.71311713e-10	1.021257165e-10	-1.021256784e-10
726.370	1.020	-1.32	7.96374582e-10	1.187166282e-10	-1.187165901e-10
728.637	1.007	-1.247	8.26544829e-10	1.232141427e-10	-1.232141427e-10
731.100	1.466	-1.456	6.281547e-10	9.55602864e-11	-9.55602864e-11
733.782	1.624	-1.217	6.55496403e-10	9.77157177e-11	-9.77157177e-11
736.669	1.307	-1.262	7.13510892e-10	1.085454141e-10	-1.085454141e-10
739.451	1.419	-1.476	6.33257433e-10	9.63365358e-11	-9.63365358e-11
742.099	1.188	-1.228	7.70319897e-10	1.14832638e-10	-1.14832638e-10
744.461	1.197	-1.175	7.84754844e-10	1.169844879e-10	-1.169844498e-10
747.017	1.288	-1.359	7.02988053e-10	1.047953454e-10	-1.047953454e-10
749.742	1.559	-1.437	5.93047455e-10	9.40104165e-11	-9.40103784e-11
752.907	1.602	-1.605	5.80168512e-10	8.64865047e-11	-8.64865047e-11
755.619	1.293	-1.11	7.74299061e-10	1.154258169e-10	-1.154257788e-10
758.627	1.390	-1.715	5.99484831e-10	8.93659884e-11	-8.93659884e-11
761.185	1.394	-1.168	7.26458796e-10	1.082942208e-10	-1.082941827e-10
764.548	1.802	-1.968	4.86263061e-10	7.39744647e-11	-7.39744647e-11
767.896	1.463	-1.547	6.18940215e-10	9.22662366e-11	-9.22661985e-11
770.879	1.650	-1.519	5.88014064e-10	8.76560604e-11	-8.76560604e-11
773.857	1.322	-1.329	7.02850131e-10	1.047748476e-10	-1.047748095e-10
776.552	1.368	-1.373	6.79589319e-10	1.013072904e-10	-1.013072523e-10
778.857	1.378	-0.937	8.04956226e-10	1.199959119e-10	-1.199958738e-10
781.534	1.205	-1.298	7.44312837e-10	1.109556963e-10	-1.109556963e-10
784.059	0.999	-1.321	7.90986099e-10	1.203315729e-10	-1.203315729e-10
786.680	1.371	-1.622	6.2246256e-10	9.27913308e-11	-9.27913308e-11
789.101	0.968	-1.05	9.22444053e-10	1.375099866e-10	-1.375099866e-10
791.701	1.537	-1.632	5.87339694e-10	8.75555145e-11	-8.75554764e-11
794.392	0.972	-1.154	8.81609235e-10	1.325933721e-10	-1.32593334e-10
796.905	1.408	-1.542	6.30915045e-10	9.4051374e-11	-9.40513359e-11
799.638	1.325	-1.325	7.02079749e-10	1.046599761e-10	-1.04659938e-10
803.224	2.096	-2.26	4.20876603e-10	6.40273929e-11	-6.40273548e-11
806.844	1.423	-1.525	6.21790095e-10	9.45920511e-11	-9.4592013e-11
809.449	1.117	-1.181	8.09672625e-10	1.206989712e-10	-1.206989331e-10
812.366	1.691	-1.8	5.33179782e-10	7.94818197e-11	-7.94818197e-11
815.828	1.562	-1.772	5.58216816e-10	8.32141338e-11	-8.32140957e-11
819.095	1.307	-1.705	6.18157641e-10	9.21496125e-11	-9.21495744e-11
821.514	1.563	-1.111	6.75746172e-10	1.04927781e-10	-1.04927781e-10
824.744	1.409	-1.667	5.87418561e-10	9.1212543e-11	-9.1212543e-11
827.967	1.450	-1.814	5.70709044e-10	8.50763475e-11	-8.50763475e-11
831.256	1.565	-1.839	5.46948741e-10	8.1534381e-11	-8.1534381e-11
833.872	1.335	-1.051	7.80097119e-10	1.162901535e-10	-1.162901154e-10
836.253	1.432	-1.047	7.50976146e-10	1.119490395e-10	-1.119490395e-10
838.820	1.260	-1.134	7.65472053e-10	1.164501735e-10	-1.164501354e-10
841.621	1.375	-1.541	6.52417542e-10	9.61938132e-11	-9.61937751e-11
844.532	1.517	-1.536	6.09579807e-10	9.08709003e-11	-9.08709003e-11
847.414	1.307	-1.365	6.8592192e-10	1.043483562e-10	-1.043483181e-10
850.747	1.764	-2.026	4.76280099e-10	7.39553004e-11	-7.39553004e-11
853.762	1.756	-1.251	6.18972219e-10	9.22710372e-11	-9.22710372e-11
857.433	1.704	-1.915	5.1428523e-10	7.6665201e-11	-7.66651629e-11
860.457	1.275	-1.321	7.06149591e-10	1.074255408e-10	-1.074255027e-10
863.261	1.443	-1.529	6.26011956e-10	9.33204255e-11	-9.33204255e-11
866.418	1.386	-1.713	6.00501339e-10	8.95175502e-11	-8.95175502e-11
869.571	1.731	-1.767	5.16021447e-10	8.01262431e-11	-8.01262431e-11
873.327	2.136	-2.025	4.40474481e-10	6.70087179e-11	-6.70087179e-11
877.002	1.554	-1.539	5.92786089e-10	9.01796901e-11	-9.01796901e-11
880.022	1.353	-1.467	6.59965914e-10	9.83820105e-11	-9.83820105e-11
883.423	1.638	-2.048	5.04853956e-10	7.52592729e-11	-7.52592729e-11
886.387	1.680	-1.325	6.00651834e-10	9.32673522e-11	-9.32673522e-11
890.271	2.062	-2.204	4.36227855e-10	6.502908e-11	-6.50290419e-11
894.023	1.861	-1.69	5.16431784e-10	7.85640288e-11	-7.85640288e-11
897.283	1.501	-1.399	6.42479538e-10	9.57752847e-11	-9.57752847e-11
900.339	1.403	-1.555	6.29733183e-10	9.38751996e-11	-9.38751615e-11
903.216	1.202	-1.473	6.96303789e-10	1.037989161e-10	-1.037989161e-10
906.001	1.464	-1.582	6.01876368e-10	9.15626058e-11	-9.15625677e-11
909.278	1.608	-1.813	5.35769058e-10	8.1505806e-11	-8.1505806e-11
912.478	1.744	-1.592	5.57906682e-10	8.31678804e-11	-8.31678804e-11
916.199	1.735	-1.978	5.01615075e-10	7.47764697e-11	-7.47764697e-11
920.201	1.632	-2.266	4.77970596e-10	7.12517625e-11	-7.12517244e-11
923.249	1.342	-1.416	6.75634539e-10	1.007177691e-10	-1.00717731e-10
926.296	1.333	-1.705	6.12757728e-10	9.13446357e-11	-9.13446357e-11
929.241	1.553	-1.612	5.88013302e-10	8.76559461e-11	-8.76559461e-11
932.094	1.024	-1.3	7.88897838e-10	1.200138951e-10	-1.20013857e-10
935.416	1.893	-2.298	4.44103506e-10	6.62031315e-11	-6.62031315e-11
939.281	1.797	-1.971	4.72067001e-10	7.48324386e-11	-7.48324386e-11
942.892	1.897	-1.814	5.02031508e-10	7.48385346e-11	-7.48384965e-11
946.759	1.679	-1.97	4.87343958e-10	7.72541889e-11	-7.72541508e-11
950.136	1.978	-1.698	4.75779465e-10	7.70120253e-11	-7.70120253e-11
953.512	1.652	-1.398	6.01121226e-10	9.14476962e-11	-9.14476962e-11
956.994	1.655	-1.831	5.33989026e-10	7.96024824e-11	-7.96024824e-11
960.519	1.721	-1.871	5.02450608e-10	7.80190083e-11	-7.80190083e-11
964.282	1.801	-2.042	4.76959041e-10	7.25590878e-11	-7.25590497e-11
968.065	1.648	-1.981	5.12763516e-10	7.64383536e-11	-7.64383155e-11
971.368	1.283	-1.655	6.33615192e-10	9.44539005e-11	-9.44538624e-11
974.472	1.589	-1.822	5.29233765e-10	8.21778138e-11	-8.21778138e-11
977.777	1.639	-1.716	5.46296088e-10	8.31072252e-11	-8.31071871e-11
980.927	1.431	-1.511	6.33104271e-10	9.43777386e-11	-9.43777005e-11
984.244	1.485	-1.885	3.725571924e-10	6.89186328e-11	-6.89185947e-11
987.508	1.322	-1.779	5.91754722e-10	9.00227562e-11	-9.00227562e-11
990.310	1.619	-1.48	6.0085605e-10	8.95703949e-11	-8.95703949e-11
993.396	1.360	-1.467	6.58323042e-10	9.81371037e-11	-9.81370656e-11
996.418	1.720	-1.662	5.50279443e-10	8.20309002e-11	-8.20309002e-11
1000.235	1.975	-2.097	4.57006071e-10	6.81264957e-11	-6.81264957e-11
1004.241	1.786	-2.03	4.87699431e-10	7.27020009e-11	-7.27020009e-11
1007.996	1.730	-1.969	5.0317908e-10	7.50096036e-11	-7.50095655e-11
1011.744	1.979	-2.018	4.6554771e-10	6.93998358e-11	-6.93998358e-11
1015.393	1.634	-1.67	5.37812742e-10	8.52545412e-11	-8.52545031e-11
1018.421	1.228	-1.394	6.88260879e-10	1.068710715e-10	-1.068710334e-10
1021.803	2.375	-2.153	4.11023943e-10	6.12718866e-11	-6.12718485e-11
1025.956	2.041	-1.779	4.79854641e-10	7.29996e-11	-7.29996e-11
1029.444	1.470	-1.446	6.28583325e-10	9.56254755e-11	-9.56254755e-11
1032.531	1.487	-1.618	5.99460066e-10	8.93623308e-11	-8.93623308e-11
1035.647	2.061	-1.629	4.8918114e-10	7.59585222e-11	-7.59585222e-11
1039.652	1.333	-1.944	3.614786649e-10	7.01802e-11	-7.01802e-11
1042.889	1.577	-1.904	5.1856767e-10	8.05216068e-11	-8.05216068e-11
1046.191	1.362	-1.724	6.03589725e-10	8.99779125e-11	-8.99779125e-11
1049.110	1.911	-1.556	5.21100177e-10	8.09148369e-11	-8.09148369e-11
1052.681	1.693	-1.66	5.4716172e-10	8.32389369e-11	-8.32389369e-11
1056.371	1.777	-1.996	4.85746044e-10	7.38958263e-11	-7.38958263e-11
1059.970	1.604	-1.822	5.43118167e-10	8.09633382e-11	-8.09633382e-11
1063.208	1.519	-1.634	5.81415144e-10	8.84498739e-11	-8.84498739e-11
1066.827	2.377	-2.099	4.15761297e-10	6.19781082e-11	-6.19781082e-11
1070.955	1.866	-1.751	5.14538214e-10	7.670292e-11	-7.670292e-11
1074.400	1.191	-1.579	6.61703655e-10	1.006640481e-10	-1.0066401e-10
1077.355	1.513	-1.764	5.59315239e-10	8.50878156e-11	-8.50877775e-11
1080.542	2.016	-1.674	5.04357132e-10	7.51851684e-11	-7.51851684e-11
1084.251	1.721	-1.693	5.28644358e-10	8.20862976e-11	-8.20862976e-11
1087.692	1.761	-1.721	5.18403459e-10	8.04960798e-11	-8.04960798e-11
1091.572	2.282	-2.118	4.23000297e-10	6.30572526e-11	-6.30572526e-11
1095.560	1.661	-1.707	5.52689649e-10	8.23901832e-11	-8.23901832e-11
1099.032	1.369	-1.81	5.77190997e-10	8.78072412e-11	-8.78072412e-11
1102.237	1.829	-1.836	5.08370205e-10	7.57834146e-11	-7.57834146e-11
1105.792	1.537	-1.726	5.71015368e-10	8.51220675e-11	-8.51220294e-11
1109.612	1.904	-2.284	4.37712993e-10	6.65886273e-11	-6.65886273e-11
1113.433	1.802	-1.916	4.92966756e-10	7.49943636e-11	-7.49943255e-11
1117.037	1.395	-1.802	5.82131043e-10	8.67790365e-11	-8.67790365e-11
1120.470	2.378	-2.038	4.02391626e-10	6.37874772e-11	-6.37874391e-11
1125.039	1.711	-2.191	4.77013143e-10	7.11090018e-11	-7.11090018e-11
1128.631	1.761	-1.881	5.11038729e-10	7.61812548e-11	-7.61812548e-11
1131.941	2.000	-1.549	5.24367633e-10	7.81681698e-11	-7.81681698e-11
1135.869	1.848	-1.929	4.7788449e-10	7.42044363e-11	-7.42044363e-11
1139.588	1.706	-1.87	5.12601591e-10	7.79813655e-11	-7.79813655e-11
1142.686	1.737	-1.392	5.85749781e-10	8.91093087e-11	-8.91092706e-11
1146.280	1.691	-1.857	5.16717153e-10	7.86074628e-11	-7.86074247e-11
1149.802	1.553	-1.831	3.500712201e-10	6.79654851e-11	-6.7965447e-11
1153.401	2.128	-2.046	4.39175271e-10	6.68111313e-11	-6.68111313e-11
1157.899	2.398	-2.37	3.90331833e-10	5.81873106e-11	-5.81873106e-11
1162.244	2.040	-1.947	4.59740127e-10	6.99396366e-11	-6.99396366e-11
1166.331	2.203	-2.047	4.24649646e-10	6.59382603e-11	-6.59382603e-11
1171.033	2.050	-2.499	3.96755874e-10	6.16070142e-11	-6.16070142e-11
1175.258	1.743	-2.174	4.5356907e-10	7.19001864e-11	-7.19001864e-11
1179.266	1.715	-2.265	4.46469135e-10	7.07746743e-11	-7.07746362e-11
1182.835	2.286	-1.854	4.42749051e-10	6.73547802e-11	-6.73547421e-11
1186.711	1.575	-1.59	5.79116571e-10	8.8100154e-11	-8.8100154e-11
1190.209	1.721	-1.923	5.10757932e-10	7.61393448e-11	-7.61393448e-11
1194.096	1.369	-2.166	5.02612533e-10	7.96746057e-11	-7.96745676e-11
1197.465	1.958	-2.001	4.63037682e-10	7.04412993e-11	-7.04412612e-11
1201.396	1.779	-1.973	4.95987705e-10	7.39375458e-11	-7.39375458e-11
1205.185	1.732	-2.01	4.89917613e-10	7.4530458e-11	-7.4530458e-11
1209.048	2.660	-2.131	3.767253705e-10	5.84967588e-11	-5.84967588e-11
1213.618	1.984	-1.91	4.88505246e-10	7.20262212e-11	-7.20262212e-11
1217.536	2.676	-1.933	3.97653891e-10	6.04945323e-11	-6.04945323e-11
1222.030	2.034	-1.817	4.83187629e-10	7.20294597e-11	-7.20294597e-11
1225.966	2.169	-1.901	4.57213335e-10	6.81574329e-11	-6.81573948e-11
1230.063	1.559	-1.928	5.33730327e-10	7.95638871e-11	-7.9563849e-11
1233.669	2.218	-2.047	4.36422927e-10	6.50581503e-11	-6.50581503e-11
1237.865	1.908	-1.978	3.580667718e-10	6.37916682e-11	-6.37916301e-11
1241.332	2.274	-1.56	3.48236667e-10	6.54745833e-11	-6.54745833e-11
1245.842	1.623	-2.236	4.67717124e-10	7.26256866e-11	-7.26256485e-11
1249.890	2.549	-2.425	3.684836547e-10	5.60568729e-11	-5.60568729e-11
1254.537	1.752	-2.098	4.83392607e-10	7.20599778e-11	-7.20599778e-11
1258.408	1.956	-2.118	4.56785091e-10	6.80936154e-11	-6.80935773e-11
1261.700	1.561	-1.336	6.42527163e-10	9.57824094e-11	-9.57823713e-11
1265.436	1.979	-2.175	4.47982467e-10	6.67813371e-11	-6.67813371e-11
1269.111	1.472	-1.697	5.87333217e-10	8.75545239e-11	-8.75545239e-11
1272.848	2.345	-2.265	4.03718268e-10	6.01827981e-11	-6.01827981e-11
1277.229	2.437	-2.036	4.09810077e-10	6.23438682e-11	-6.23438301e-11
1281.779	2.048	-2.113	4.40491626e-10	6.70113468e-11	-6.70113087e-11
1285.515	1.584	-1.688	3.792309789e-10	6.92378346e-11	-6.92378346e-11
1288.871	1.548	-1.772	5.60596923e-10	8.3568921e-11	-8.3568921e-11
1292.742	1.665	-2.324	4.52488554e-10	7.02610482e-11	-7.02610101e-11
1296.582	1.457	-2.174	5.12517009e-10	7.64015871e-11	-7.6401549e-11
1299.559	1.880	-1.52	5.39115381e-10	8.20148601e-11	-8.2014822e-11
1303.286	1.545	-1.847	3.364847982e-10	7.03453635e-11	-7.03453635e-11
1306.579	2.252	-1.747	3.548850408e-10	6.15749721e-11	-6.1574934e-11
1310.546	2.166	-1.715	4.72371801e-10	7.18612101e-11	-7.18612101e-11
1314.623	1.887	-1.912	4.82556693e-10	7.34106609e-11	-7.34106609e-11
1318.484	2.036	-1.974	4.43079378e-10	7.02373119e-11	-7.02372738e-11
1322.895	1.685	-2.375	2.986863978e-10	5.62224174e-11	-5.62224174e-11
1326.443	2.172	-1.863	4.47317241e-10	6.94580526e-11	-6.94580526e-11
1329.828	1.746	-1.213	6.19542957e-10	9.42501798e-11	-9.42501417e-11
1333.417	1.738	-1.843	5.11815207e-10	7.78616934e-11	-7.78616934e-11
1337.009	1.545	-1.854	5.39133288e-10	8.20175652e-11	-8.20175652e-11
1340.389	1.973	-1.834	4.88813856e-10	7.2868155e-11	-7.2868155e-11
1344.410	1.823	-2.048	4.80734751e-10	7.16637759e-11	-7.16637378e-11
1347.685	2.060	-1.452	3.45290775e-10	6.49948662e-11	-6.49948662e-11
1351.725	1.600	-1.98	5.19920982e-10	7.75053441e-11	-7.7505306e-11
1355.391	1.543	-2.065	5.08037211e-10	7.7286993e-11	-7.7286993e-11
1358.530	1.589	-1.597	5.84074905e-10	8.70688632e-11	-8.70688251e-11
1361.987	1.614	-1.868	5.264658e-10	8.00905053e-11	-8.00905053e-11
1365.904	2.067	-2.302	4.25936664e-10	6.34949454e-11	-6.34949454e-11
1370.079	2.016	-2.108	4.44482601e-10	6.76185084e-11	-6.76185084e-11
1374.007	1.979	-1.912	4.7831883e-10	7.13036547e-11	-7.13036547e-11
1378.032	2.249	-2.046	4.33327302e-10	6.45967212e-11	-6.45966831e-11
1381.907	1.942	-1.627	5.05722636e-10	7.85270718e-11	-7.85270337e-11
1385.679	1.733	-1.829	3.483393084e-10	6.35978154e-11	-6.35978154e-11
1389.699	1.650	-2.287	4.6556295e-10	7.08254235e-11	-7.08254235e-11
1393.710	2.211	-2.362	4.0089201e-10	6.09871272e-11	-6.09871272e-11
1397.609	1.767	-1.688	5.38617033e-10	8.02923591e-11	-8.02923591e-11
1401.465	2.382	-2.089	4.03672167e-10	6.26809389e-11	-6.26809389e-11
1405.985	2.391	-2.138	4.04651337e-10	6.15590082e-11	-6.15590082e-11
1410.239	1.970	-1.862	4.78318068e-10	7.27658184e-11	-7.27658184e-11
1414.652	2.384	-2.443	3.85580001e-10	5.74789554e-11	-5.74789554e-11
1419.191	2.008	-2.155	4.40307603e-10	6.69833814e-11	-6.69833814e-11
1423.099	1.744	-1.9	5.10791079e-10	7.61443359e-11	-7.61442978e-11
1426.901	1.804	-2.058	4.81844223e-10	7.18292061e-11	-7.1829168e-11
1430.466	1.573	-1.761	3.721135941e-10	6.7938396e-11	-6.79383579e-11
1434.112	1.595	-2.073	4.84319199e-10	7.67747004e-11	-7.67747004e-11
1437.304	1.829	-1.596	3.743329191e-10	6.72322125e-11	-6.72322125e-11
1440.787	1.279	-1.655	6.24794661e-10	9.50491368e-11	-9.50491368e-11
1444.025	1.942	-1.959	3.710055318e-10	6.27114189e-11	-6.27114189e-11
1448.110	1.327	-2.142	5.20253214e-10	8.07833538e-11	-8.07833538e-11
1451.292	1.726	-1.855	5.1960399e-10	7.7458062e-11	-7.7458062e-11
1454.745	1.586	-1.726	3.575419824e-10	6.9415914e-11	-6.94158759e-11
1457.880	1.988	-1.549	3.66205389e-10	6.66148401e-11	-6.66148401e-11
1461.614	1.784	-1.746	5.27256756e-10	7.85989284e-11	-7.85988903e-11
1465.774	1.535	-2.376	3.172803408e-10	5.792724e-11	-5.792724e-11
1469.582	2.287	-2.273	4.08148155e-10	6.08432235e-11	-6.08431854e-11
1473.652	1.761	-1.783	5.25149064e-10	7.82846796e-11	-7.82846415e-11
1477.452	1.980	-2.039	4.63081878e-10	6.9032247e-11	-6.90322089e-11
1481.171	2.061	-1.74	3.51755964e-10	6.2954535e-11	-6.2954535e-11
1485.330	1.818	-2.098	4.53762237e-10	7.19308188e-11	-7.19307807e-11
1489.336	1.605	-2.188	4.83254304e-10	7.35168075e-11	-7.35167694e-11
1492.890	1.848	-1.949	4.82802819e-10	7.34480751e-11	-7.34480751e-11
1496.316	1.457	-1.579	6.13184829e-10	9.14083389e-11	-9.14083008e-11
1499.900	2.366	-2.128	4.07877264e-10	6.20498124e-11	-6.20498124e-11
1504.259	1.724	-1.993	3.338250372e-10	6.09478842e-11	-6.09478842e-11
1507.738	1.350	-1.755	5.90407125e-10	8.98178163e-11	-8.98177782e-11
1511.217	1.871	-2.129	3.031931706e-10	5.7070752e-11	-5.7070752e-11
1515.214	2.135	-2.126	3.785209473e-10	6.06119184e-11	-6.06119184e-11
1519.369	1.687	-2.021	4.86787698e-10	7.55869329e-11	-7.55868948e-11
1522.628	1.919	-1.572	3.554297946e-10	6.48923391e-11	-6.48923391e-11
1526.456	1.599	-1.91	3.456425142e-10	6.5061084e-11	-6.5061084e-11
1529.913	1.692	-1.858	5.24360394e-10	7.8167103e-11	-7.8167103e-11
1533.811	1.978	-2.207	4.31337339e-10	6.69767139e-11	-6.69767139e-11
1537.524	2.357	-1.735	3.468723441e-10	6.01847031e-11	-6.01847031e-11
1541.824	1.840	-1.943	4.77178878e-10	7.40948607e-11	-7.40948226e-11
1546.092	2.292	-2.428	3.82397127e-10	5.93774403e-11	-5.93774403e-11
1550.533	2.296	-2.15	3.99646902e-10	6.33523371e-11	-6.33523371e-11
1555.061	2.456	-2.232	3.790208193e-10	6.00827094e-11	-6.00827094e-11
1559.143	1.673	-1.626	5.64216804e-10	8.41085694e-11	-8.41085313e-11
1563.223	2.068	-2.407	4.03379178e-10	6.26354856e-11	-6.26354856e-11
1567.695	1.995	-2.405	4.16618928e-10	6.33796548e-11	-6.33796167e-11
1571.839	2.034	-2.149	4.38242202e-10	6.66691707e-11	-6.66691707e-11
1575.564	1.584	-1.691	3.702413601e-10	6.9691377e-11	-6.9691377e-11
1579.541	1.725	-2.392	4.31592609e-10	6.84163986e-11	-6.84163986e-11
1583.445	2.021	-2.18	4.43054232e-10	6.6046731e-11	-6.60466929e-11
1587.430	2.201	-1.964	4.46844801e-10	6.66117921e-11	-6.6611754e-11
1591.270	2.300	-1.639	4.51094856e-10	7.1507985e-11	-7.15079469e-11
1595.610	2.018	-2.04	4.58607414e-10	6.83651922e-11	-6.83651922e-11
1599.676	1.988	-2.048	4.61019525e-10	6.87248181e-11	-6.872478e-11
1603.358	2.073	-1.693	3.658715568e-10	6.44578086e-11	-6.44577705e-11
1607.389	1.603	-1.957	5.14868922e-10	7.83262467e-11	-7.83262467e-11
1611.048	1.862	-2.057	4.7481363e-10	7.07810751e-11	-7.07810751e-11
1614.871	2.608	-1.961	4.07328243e-10	6.07209606e-11	-6.07209606e-11
1619.825	2.069	-2.345	4.15261044e-10	6.31730385e-11	-6.31730385e-11
1623.117	1.784	-1.223	6.18983649e-10	9.22727517e-11	-9.22727136e-11
1626.561	1.871	-1.661	3.747532764e-10	6.62477085e-11	-6.62476704e-11
1630.555	2.401	-2.124	4.05142827e-10	6.16338366e-11	-6.16337985e-11
1634.277	2.127	-1.321	3.636797781e-10	6.72764085e-11	-6.72764085e-11
1638.027	1.980	-1.623	3.287834547e-10	6.38325114e-11	-6.38325114e-11
1642.094	2.144	-2.087	4.33257198e-10	6.59108283e-11	-6.59108283e-11
1646.285	1.957	-2.048	3.028067604e-10	5.69980191e-11	-5.69980191e-11
1649.988	1.818	-1.745	5.22267942e-10	7.78551783e-11	-7.78551783e-11
1653.851	1.857	-2.045	3.179812284e-10	5.80552179e-11	-5.80552179e-11
1657.516	2.212	-1.809	3.702658584e-10	6.17110272e-11	-6.17110272e-11
1661.878	1.944	-2.15	4.54588245e-10	6.77660697e-11	-6.77660697e-11
1665.986	2.825	-2.164	3.674260749e-10	5.58960147e-11	-5.58959766e-11
1670.723	2.671	-1.912	4.06070943e-10	6.05335467e-11	-6.05335086e-11
1675.566	2.555	-2.172	3.93666345e-10	5.86843632e-11	-5.86843632e-11
1680.123	2.185	-2.002	3.753770877e-10	6.08942775e-11	-6.08942394e-11
1684.128	2.017	-1.82	4.84938705e-10	7.22904447e-11	-7.22904447e-11
1688.097	2.313	-1.952	4.29825912e-10	6.53887821e-11	-6.53887821e-11
1692.249	1.923	-1.84	4.94598198e-10	7.37304342e-11	-7.37304342e-11
1696.289	1.897	-2.117	3.091251501e-10	5.64383301e-11	-5.6438292e-11
1700.650	2.513	-2.464	3.656853621e-10	5.51292141e-11	-5.5129176e-11
1705.567	2.146	-2.405	4.08947874e-10	6.09624003e-11	-6.09624003e-11
1709.455	1.695	-1.742	3.609725064e-10	6.59043132e-11	-6.59043132e-11
1712.794	2.151	-1.644	4.90439583e-10	7.31105091e-11	-7.31105091e-11
1717.217	2.057	-2.272	4.2995088e-10	6.4093344e-11	-6.4093344e-11
1721.399	2.519	-2.125	3.94742289e-10	6.00515817e-11	-6.00515436e-11
1726.197	2.095	-2.279	4.25378499e-10	6.34117731e-11	-6.34117731e-11
1730.200	1.829	-1.907	3.24520941e-10	6.10853109e-11	-6.10853109e-11
1734.288	1.758	-2.259	4.42232034e-10	7.01030094e-11	-7.01030094e-11
1737.896	1.793	-1.85	3.591263328e-10	6.61036524e-11	-6.61036524e-11
1742.044	2.111	-2.355	4.04169372e-10	6.27582057e-11	-6.27582057e-11
1746.145	1.645	-1.989	3.336134298e-10	6.27968391e-11	-6.27968391e-11
1750.221	2.225	-2.431	3.93677775e-10	5.98896186e-11	-5.98896186e-11
1754.513	2.688	-2.067	2.608889499e-10	4.76316294e-11	-4.76316294e-11
1758.456	1.866	-1.254	5.96378919e-10	8.89029972e-11	-8.89029591e-11
1762.120	1.594	-1.798	3.491401323e-10	6.77847006e-11	-6.77847006e-11
1765.558	2.178	-1.843	2.946047829e-10	5.71967868e-11	-5.71967868e-11
1769.766	2.288	-2.03	4.04996142e-10	6.55547076e-11	-6.55547076e-11
1773.816	1.833	-1.762	3.450624798e-10	6.29995311e-11	-6.29995311e-11
1777.644	1.843	-1.995	3.483226587e-10	6.23400582e-11	-6.23400582e-11
1781.472	2.470	-1.985	3.679922028e-10	6.0104274e-11	-6.0104274e-11
1785.574	1.629	-1.632	3.804257187e-10	6.94559571e-11	-6.94559571e-11
1788.916	2.234	-1.713	3.142485714e-10	5.73737232e-11	-5.73737232e-11
1793.431	2.075	-2.281	2.784252369e-10	5.24086455e-11	-5.24086074e-11
1797.729	2.264	-2.223	4.08509343e-10	6.21459006e-11	-6.21459006e-11
1802.119	1.840	-2.126	4.62203673e-10	7.03143882e-11	-7.03143882e-11
1805.824	1.878	-1.865	3.239385063e-10	6.09756972e-11	-6.09756972e-11
1810.053	2.327	-2.351	3.798719733e-10	6.02176215e-11	-6.02176215e-11
1814.637	2.243	-2.258	2.693962608e-10	5.07090807e-11	-5.07090807e-11
1818.817	1.531	-1.937	3.578042247e-10	6.53258409e-11	-6.53258409e-11
1822.225	2.252	-1.877	4.50686424e-10	6.71844351e-11	-6.7184397e-11
1826.671	2.228	-2.193	4.08249882e-10	6.33918087e-11	-6.33918087e-11
1830.695	1.617	-1.797	3.551794395e-10	6.68562417e-11	-6.68562417e-11
1833.964	1.832	-1.652	3.561621528e-10	6.50260701e-11	-6.5026032e-11
1838.327	1.894	-2.531	2.740526142e-10	5.15855712e-11	-5.15855331e-11
1842.498	2.194	-2.277	3.72284244e-10	6.42376287e-11	-6.42375906e-11
1846.714	2.629	-2.022	4.00159347e-10	5.96523318e-11	-5.96522937e-11
1851.268	2.392	-1.926	2.873290926e-10	5.24588994e-11	-5.24588994e-11
1855.771	1.577	-2.111	3.287826546e-10	6.18875064e-11	-6.18875064e-11
1859.384	2.426	-2.036	4.04493222e-10	6.28084977e-11	-6.28084596e-11
1864.066	2.196	-2.255	4.11771084e-10	6.2642115e-11	-6.2642115e-11
1868.085	1.703	-1.823	5.27793585e-10	7.86789003e-11	-7.86789003e-11
1871.875	1.701	-2.087	3.201515949e-10	6.02628843e-11	-6.02628843e-11
1876.031	2.384	-2.455	3.729853983e-10	5.79160386e-11	-5.79160386e-11
1879.967	2.010	-1.552	5.2251864e-10	7.78925544e-11	-7.78925163e-11
1884.469	1.749	-2.492	4.3879389e-10	6.5411604e-11	-6.5411604e-11
1888.803	1.641	-2.585	2.936263368e-10	5.36086431e-11	-5.3608605e-11
1893.816	2.321	-3.372	2.179249896e-10	3.97875252e-11	-3.97874871e-11
1898.652	1.903	-2.515	2.808558264e-10	5.12770755e-11	-5.12770374e-11
1902.342	1.865	-1.787	3.396800547e-10	6.20168559e-11	-6.20168559e-11
1906.200	1.993	-1.993	3.113260728e-10	5.68401327e-11	-5.68401327e-11
1910.005	2.274	-1.812	3.473243625e-10	6.02631129e-11	-6.02631129e-11
1914.678	1.624	-2.399	3.014508576e-10	5.67427872e-11	-5.67427872e-11
1917.998	2.029	-1.696	3.33031719e-10	6.0803028e-11	-6.0803028e-11
1921.921	2.103	-1.894	3.033427512e-10	5.70989079e-11	-5.70989079e-11
1926.234	2.486	-2.209	3.727966128e-10	5.80719819e-11	-5.80719819e-11
1930.517	1.662	-1.797	3.706698708e-10	6.65743398e-11	-6.65743017e-11
1934.084	1.502	-1.905	3.64138083e-10	6.64822521e-11	-6.64822521e-11
1938.067	2.299	-2.482	2.595197883e-10	4.73816553e-11	-4.73816553e-11
1942.130	1.707	-1.764	3.493671702e-10	6.57622002e-11	-6.57622002e-11
1945.541	1.989	-1.704	3.283291884e-10	6.18021624e-11	-6.18021624e-11
1949.426	2.282	-1.895	4.45521969e-10	6.64145865e-11	-6.64145484e-11
1953.410	1.787	-1.702	3.674602887e-10	6.59978487e-11	-6.59978487e-11
1957.511	1.892	-2.314	4.42478541e-10	6.59608917e-11	-6.59608536e-11
1961.207	1.669	-1.804	5.35871547e-10	7.98830889e-11	-7.98830508e-11
1964.909	2.279	-2.033	4.3153584e-10	6.43296783e-11	-6.43296402e-11
1968.791	1.737	-1.603	3.462996249e-10	6.93773187e-11	-6.93773187e-11
1972.423	2.319	-1.896	4.41535185e-10	6.58202646e-11	-6.58202265e-11
1976.961	1.265	-2.219	3.679990989e-10	6.60946227e-11	-6.60946227e-11
1979.669	1.749	-1.443	5.74232151e-10	8.73570897e-11	-8.73570897e-11
1983.463	1.879	-2.046	3.161152428e-10	5.77145277e-11	-5.77145277e-11
1987.515	2.087	-2.173	4.36958994e-10	6.5138046e-11	-6.5138046e-11
1991.428	1.756	-1.827	3.46268421e-10	6.3219711e-11	-6.3219711e-11
1994.773	2.058	-1.588	3.553268484e-10	6.46359642e-11	-6.46359642e-11
1998.975	2.668	-2.145	3.86701665e-10	5.76461382e-11	-5.76461382e-11
2003.748	2.747	-2.105	3.662212767e-10	5.80536939e-11	-5.80536939e-11
2009.007	2.446	-2.513	2.502270459e-10	4.56850242e-11	-4.56850242e-11
2013.138	1.850	-1.685	3.509732376e-10	6.40787136e-11	-6.40786755e-11
2016.896	1.913	-1.908	3.246415656e-10	5.92712175e-11	-5.92712175e-11
2020.635	1.754	-1.826	4.96346988e-10	7.86813768e-11	-7.86813387e-11
2024.048	2.086	-1.659	3.569043027e-10	6.38759454e-11	-6.38759454e-11
2028.285	2.576	-2.151	3.87766941e-10	5.89904205e-11	-5.89903824e-11
2032.821	1.437	-1.959	3.65312325e-10	6.66966408e-11	-6.66966408e-11
2036.238	2.437	-1.98	4.30652301e-10	6.34962789e-11	-6.34962789e-11
2040.407	2.260	-1.732	3.658869492e-10	6.25502559e-11	-6.25502559e-11
2044.435	2.220	-1.768	4.66771482e-10	6.95822586e-11	-6.95822586e-11
2048.519	2.907	-1.865	3.782706684e-10	5.87367126e-11	-5.87367126e-11
2052.853	2.294	-1.426	3.779943291e-10	6.48255498e-11	-6.48255498e-11
2056.761	1.768	-1.614	5.41982406e-10	8.24510289e-11	-8.24510289e-11
2060.004	1.800	-1.476	3.787909239e-10	6.91574817e-11	-6.91574817e-11
2063.402	1.892	-1.598	3.47387418e-10	6.53895441e-11	-6.53895441e-11
2067.184	1.987	-1.89	3.200337135e-10	5.84299314e-11	-5.84299314e-11
2070.941	1.575	-1.77	3.541311942e-10	6.87536979e-11	-6.87536979e-11
2074.297	2.177	-1.781	2.921254254e-10	5.85241146e-11	-5.85241146e-11
2078.739	2.273	-2.264	2.672754243e-10	5.03098689e-11	-5.03098689e-11
2082.966	1.890	-1.955	3.153932859e-10	5.93671914e-11	-5.93671914e-11
2087.077	1.688	-2.221	3.10222011e-10	5.83938126e-11	-5.83938126e-11
2090.812	1.874	-2.047	3.164087652e-10	5.77680963e-11	-5.77680963e-11
2094.635	2.143	-1.949	3.670887375e-10	6.18591219e-11	-6.18591219e-11
2098.626	1.965	-1.848	3.254194914e-10	5.94132543e-11	-5.94132162e-11
2102.123	1.885	-1.532	3.466040439e-10	6.72923343e-11	-6.72923343e-11
2106.478	2.304	-2.47	3.84014472e-10	5.84196063e-11	-5.84196063e-11
2110.778	1.362	-1.997	3.693827766e-10	6.74398194e-11	-6.74397813e-11
2114.190	1.895	-2.049	4.71838782e-10	7.03376292e-11	-7.03376292e-11
2118.411	2.488	-2.326	3.807415296e-10	5.79216774e-11	-5.79216393e-11
2123.938	1.957	-3.038	2.483591934e-10	4.53440292e-11	-4.53439911e-11
2127.805	1.467	-1.91	3.674328186e-10	6.7083813e-11	-6.70837749e-11
2131.814	2.203	-2.542	2.61485253e-10	4.77404811e-11	-4.77404811e-11
2136.361	2.750	-2.344	3.491288547e-10	5.3241702e-11	-5.3241702e-11
2140.982	2.954	-1.871	2.57139186e-10	4.69470105e-11	-4.69470105e-11
2146.075	1.784	-2.139	3.795184053e-10	6.32531247e-11	-6.32531247e-11
2149.957	1.828	-2.099	3.016776288e-10	5.8569987e-11	-5.85699489e-11
2154.031	2.076	-2.246	2.806005945e-10	5.28181062e-11	-5.28181062e-11
2157.889	1.824	-1.782	3.784421946e-10	6.58783671e-11	-6.58783671e-11
2161.461	1.604	-1.748	3.701495772e-10	6.75797988e-11	-6.75797988e-11
2165.342	1.769	-2.277	4.60019781e-10	6.85757709e-11	-6.85757709e-11
2169.970	1.282	-2.86	2.995686033e-10	5.46935406e-11	-5.46935406e-11
2172.906	2.013	-1.653	3.383785968e-10	6.17792262e-11	-6.17792262e-11
2177.026	1.967	-2.107	3.045256419e-10	5.5598568e-11	-5.5598568e-11
2180.912	1.684	-1.919	3.365793624e-10	6.33551184e-11	-6.33551184e-11
2185.447	2.207	-2.851	2.452908099e-10	4.47838068e-11	-4.47838068e-11
2189.464	1.465	-1.811	3.61650915e-10	7.02136518e-11	-7.02136137e-11
2192.561	1.789	-1.632	5.43970845e-10	8.10904398e-11	-8.10904398e-11
2196.048	1.748	-1.698	3.43718388e-10	6.67320738e-11	-6.67320738e-11
2199.550	1.597	-1.753	3.703313904e-10	6.76129839e-11	-6.76129839e-11
2203.170	1.969	-2.023	3.107545728e-10	5.67358149e-11	-5.67358149e-11
2207.346	1.728	-2.207	3.081218247e-10	5.7998487e-11	-5.7998487e-11
2211.507	2.483	-2.432	2.523928023e-10	4.6080426e-11	-4.6080426e-11
2215.439	2.099	-1.449	3.497284725e-10	6.38514471e-11	-6.38514471e-11
2219.264	1.660	-1.726	3.664519722e-10	6.69047049e-11	-6.69047049e-11
2222.720	1.689	-1.796	3.559738245e-10	6.49916658e-11	-6.49916658e-11
2226.596	2.524	-2.187	2.573887029e-10	4.84488744e-11	-4.84488744e-11
2231.097	2.121	-1.977	3.028031409e-10	5.52840906e-11	-5.52840525e-11
2235.229	1.471	-2.012	3.561536565e-10	6.5024508e-11	-6.5024508e-11
2238.361	2.095	-1.661	3.303460881e-10	6.03127191e-11	-6.03127191e-11
2242.736	1.766	-2.28	3.066737199e-10	5.59907313e-11	-5.59907313e-11
2247.087	2.066	-2.584	2.607469131e-10	4.90809915e-11	-4.90809915e-11
2250.994	1.800	-1.841	3.406737408e-10	6.21982881e-11	-6.219825e-11
2254.644	1.715	-1.849	3.402730812e-10	6.40504053e-11	-6.40503672e-11
2258.263	1.641	-1.904	3.499039992e-10	6.38834892e-11	-6.38834892e-11
2261.386	1.794	-1.482	3.787845612e-10	6.91563387e-11	-6.91563387e-11
2265.708	1.793	-2.528	2.740943337e-10	5.32147272e-11	-5.32147272e-11
2270.392	1.964	-2.891	2.555295753e-10	4.66531452e-11	-4.66531452e-11
2274.288	2.250	-1.931	4.31668428e-10	6.7028187e-11	-6.70281489e-11
2278.173	2.022	-1.636	3.314908788e-10	6.23972844e-11	-6.23972844e-11
2282.393	1.832	-2.198	3.0788991e-10	5.62127781e-11	-5.62127781e-11
2286.115	1.759	-1.89	5.02351167e-10	7.64219706e-11	-7.64219325e-11
2289.885	1.785	-2.011	3.268044645e-10	5.96660859e-11	-5.96660859e-11
2294.261	1.891	-2.59	2.768377623e-10	5.054346e-11	-5.054346e-11
2298.369	2.185	-2.216	2.818738584e-10	5.14629273e-11	-5.14629273e-11
2303.002	1.991	-2.448	2.795014095e-10	5.10297684e-11	-5.10297684e-11
2307.035	1.387	-2.043	3.616992258e-10	6.60369774e-11	-6.60369774e-11
2310.067	2.177	-1.645	3.787665399e-10	6.40232781e-11	-6.40232781e-11
2315.039	1.523	-2.795	2.808359382e-10	5.28624165e-11	-5.28623784e-11
2318.301	1.884	-1.738	3.539417991e-10	6.35698881e-11	-6.356985e-11
2322.854	1.673	-2.67	2.727619767e-10	5.29560663e-11	-5.29560663e-11
2326.381	1.725	-1.854	3.466025199e-10	6.32807091e-11	-6.32807091e-11
2329.927	1.683	-1.82	3.461562927e-10	6.51578199e-11	-6.51577818e-11
2333.726	2.016	-2.115	2.935297533e-10	5.52517818e-11	-5.52517818e-11
2337.741	1.856	-2	3.218048682e-10	5.87532861e-11	-5.87532861e-11
2341.425	1.972	-1.828	3.264719277e-10	5.96053926e-11	-5.96053926e-11
2345.246	2.017	-1.849	3.637014189e-10	6.23743482e-11	-6.23743101e-11
2349.370	1.789	-2.107	3.112116966e-10	5.85800835e-11	-5.85800835e-11
2353.224	2.602	-2.065	2.598353706e-10	4.89094272e-11	-4.89094272e-11
2357.113	2.285	-1.287	3.472920156e-10	6.34065915e-11	-6.34065915e-11
2361.513	2.026	-2.114	2.996917425e-10	5.47160196e-11	-5.47160196e-11
2365.609	2.077	-2.07	2.991799452e-10	5.46225603e-11	-5.46225603e-11
2369.601	1.639	-1.916	3.490273944e-10	6.37234311e-11	-6.37234311e-11
2372.989	1.581	-1.749	3.725175303e-10	6.80121195e-11	-6.80121195e-11
2376.636	3.036	-2.065	2.377357704e-10	4.47495549e-11	-4.47495549e-11
2381.594	1.945	-1.923	3.207943038e-10	5.85688059e-11	-5.85688059e-11
2385.404	1.604	-1.865	3.495515361e-10	6.57969093e-11	-6.57968712e-11
2389.278	1.633	-2.27	3.109138689e-10	5.85240384e-11	-5.85240384e-11
2393.134	2.089	-2.222	2.555309088e-10	5.45906325e-11	-5.45906325e-11
2397.850	1.635	-2.628	2.913770271e-10	5.31979632e-11	-5.31979632e-11
2401.830	2.457	-2.345	2.583941619e-10	4.71761439e-11	-4.71761439e-11
2406.458	1.877	-2.17	3.065508474e-10	5.59683285e-11	-5.59682904e-11
2410.012	2.194	-1.677	3.204853128e-10	5.85123798e-11	-5.85123798e-11
2414.727	2.300	-2.521	2.456693715e-10	4.76960946e-11	-4.76960946e-11
2418.783	1.741	-1.755	3.468458646e-10	6.52875885e-11	-6.52875885e-11
2422.295	2.350	-1.772	3.013089732e-10	5.50112946e-11	-5.50112946e-11
2426.152	1.974	-1.506	3.407737152e-10	6.61603833e-11	-6.61603833e-11
2430.718	1.989	-2.592	2.648744004e-10	4.98579267e-11	-4.98579267e-11
2434.746	2.450	-2.038	2.764036509e-10	5.0464212e-11	-5.0464212e-11
2440.186	2.443	-2.99	2.283449586e-10	4.16899344e-11	-4.16899344e-11
2445.316	2.168	-2.687	2.497534629e-10	4.70116662e-11	-4.70116662e-11
2449.334	2.255	-1.849	3.728114337e-10	6.12898698e-11	-6.12898698e-11
NO NO NO NO NO NO
! PC_incbad
2463.725	10.665	-9.394	2.178731736e-10	4.47703956e-11	-4.47703956e-11
2482.086	9.855	-7.696	2.158438152e-10	4.731639e-11	-4.731639e-11
2495.701	6.270	-3.76	3.630641202e-10	8.14431696e-11	-8.14431696e-11
2510.172	6.843	-8.201	2.652266349e-10	5.67933078e-11	-5.67933078e-11
2526.811	7.755	-9.796	2.269676436e-10	4.86716832e-11	-4.86716832e-11
2542.141	7.468	-7.576	2.559956526e-10	5.61183282e-11	-5.61183282e-11
2555.976	6.170	-6.367	3.640501482e-10	7.30895541e-11	-7.30895541e-11
2569.500	7.690	-7.354	2.758030044e-10	5.78293992e-11	-5.78293992e-11
2585.526	6.708	-8.336	2.782668552e-10	5.82648441e-11	-5.82648441e-11
2598.249	6.522	-6.015	2.908508661e-10	6.52441545e-11	-6.52441545e-11
2612.235	5.070	-7.465	3.351616233e-10	7.02755262e-11	-7.02755262e-11
5982.563	16.069	-19.034	1.116898071e-10	2.455567479e-11	-2.455567479e-11
6013.968	14.752	-15.336	1.298669742e-10	2.855203332e-11	-2.855203332e-11
6047.748	23.596	-19.029	9.17026233e-11	2.019168174e-11	-2.019168174e-11
6086.591	12.334	-15.247	1.616870274e-10	3.313384026e-11	-3.313384026e-11
6114.619	16.901	-15.694	1.199265699e-10	2.632705428e-11	-2.632705428e-11
6148.153	13.455	-16.633	1.358557989e-10	2.929792464e-11	-2.929792464e-11
6178.018	16.185	-16.41	1.192261014e-10	2.625197823e-11	-2.625197823e-11
6214.554	14.752	-20.35	1.105472262e-10	2.415938907e-11	-2.415938907e-11
6243.340	16.054	-14.034	1.216811892e-10	2.738010399e-11	-2.738010399e-11
6273.053	13.922	-13.659	1.342260714e-10	3.02028987e-11	-3.02028987e-11
6302.789	16.781	-15.814	1.196445156e-10	2.622582258e-11	-2.622582258e-11
6332.280	14.870	-12.71	1.409161647e-10	3.107455431e-11	-3.107455431e-11
6369.530	17.738	-22.379	9.77470359e-11	2.145806097e-11	-2.145806097e-11
6403.936	15.927	-16.668	1.142231904e-10	2.562126321e-11	-2.562126321e-11
6436.155	13.796	-16.292	1.312348023e-10	2.880950931e-11	-2.880950931e-11
6467.077	15.469	-17.126	1.200848754e-10	2.648087541e-11	-2.648087541e-11
6494.542	10.570	-11.996	1.742028012e-10	3.81848868e-11	-3.81848868e-11
6516.517	13.669	-11.405	1.498762941e-10	3.367141983e-11	-3.367141983e-11
6543.596	11.662	-13.411	1.485253443e-10	3.336791523e-11	-3.336791523e-11
6567.538	17.809	-12.279	1.240177479e-10	2.80382853e-11	-2.80382853e-11
6602.472	17.977	-17.125	1.109374083e-10	2.446369758e-11	-2.446369758e-11
6633.985	11.537	-13.536	1.480964907e-10	3.332395164e-11	-3.332395164e-11
6664.798	15.827	-19.276	1.121985945e-10	2.45569359e-11	-2.45569359e-11
6695.280	15.433	-14.655	1.420631652e-10	2.986602612e-11	-2.986602612e-11
6720.441	10.330	-9.728	1.930283922e-10	4.23114216e-11	-4.23114216e-11
6753.786	14.595	-23.015	1.094711298e-10	2.350650747e-11	-2.350650747e-11
6778.032	10.408	-9.651	1.876105722e-10	4.21488489e-11	-4.21488489e-11
6805.360	10.660	-16.92	1.347162279e-10	3.040893588e-11	-3.040893588e-11
6828.676	19.940	-12.656	1.133191536e-10	2.561952204e-11	-2.561952204e-11
6864.339	11.858	-15.723	1.486565988e-10	3.173884686e-11	-3.173884686e-11
6890.860	12.917	-14.664	1.358845263e-10	3.043232166e-11	-3.043232166e-11
6921.074	12.791	-17.297	1.24249434e-10	2.795799717e-11	-2.795799717e-11
6949.917	14.036	-16.052	1.29687828e-10	2.859850389e-11	-2.859850389e-11
6984.777	19.293	-20.824	9.73246593e-11	2.142957741e-11	-2.142957741e-11
7023.119	18.560	-19.049	9.89249736e-11	2.232992232e-11	-2.232992232e-11
7055.344	16.424	-13.664	1.31042664e-10	2.872427199e-11	-2.872427199e-11
7084.676	14.672	-12.909	1.351994883e-10	3.051801618e-11	-3.051801618e-11
7121.450	15.508	-22.102	1.091307063e-10	2.346702063e-11	-2.346702063e-11
7156.009	13.544	-19.051	1.149964299e-10	2.579470584e-11	-2.579470584e-11
7187.973	16.683	-18.42	1.065880266e-10	2.394621195e-11	-2.394621195e-11
7221.069	21.197	-16.413	1.00405692e-10	2.248657809e-11	-2.248657809e-11
7263.943	18.440	-21.677	9.24743769e-11	2.087385843e-11	-2.087385843e-11
7301.532	25.983	-19.149	8.72078139e-11	1.908718941e-11	-1.908718941e-11
7340.173	12.414	-12.659	1.486296621e-10	3.333893637e-11	-3.333893637e-11
7369.123	23.582	-16.535	9.21469836e-11	2.083285521e-11	-2.083285521e-11
7412.377	12.923	-19.672	1.316548548e-10	2.756445084e-11	-2.756445084e-11
7444.725	15.677	-19.425	1.062878748e-10	2.399192052e-11	-2.399192052e-11
7476.822	13.668	-16.42	1.240868613e-10	2.792141736e-11	-2.792141736e-11
7522.289	23.362	-31.799	7.05315201e-11	1.553008959e-11	-1.553008959e-11
7564.201	14.046	-18.549	1.146128772e-10	2.570867223e-11	-2.570867223e-11
7596.328	17.021	-18.081	1.112420178e-10	2.434756878e-11	-2.434756878e-11
7628.262	20.190	-14.912	1.061643927e-10	2.385103815e-11	-2.385103815e-11
7665.223	15.824	-16.771	1.199375046e-10	2.636897952e-11	-2.636897952e-11
7699.006	19.650	-17.959	1.04022906e-10	2.290443603e-11	-2.290443603e-11
7734.071	17.180	-15.415	1.152952482e-10	2.594317392e-11	-2.594317392e-11
7778.821	25.084	-27.569	7.03786629e-11	1.596189975e-11	-1.596189975e-11
7820.306	13.687	-16.401	1.424401266e-10	2.990425947e-11	-2.990425947e-11
7850.512	18.583	-16.519	1.180576887e-10	2.516998395e-11	-2.516998395e-11
7890.402	16.303	-21.306	9.88572318e-11	2.210514756e-11	-2.210514756e-11
7934.397	24.962	-27.692	7.07841231e-11	1.592749164e-11	-1.592749164e-11
7979.162	12.792	-19.803	1.144399794e-10	2.566989024e-11	-2.566989024e-11
8004.989	14.546	-13.034	1.347693012e-10	3.027746421e-11	-3.027746421e-11
8042.338	22.328	-22.803	8.18013477e-11	1.840654053e-11	-1.840654053e-11
8076.573	13.167	-11.906	1.48771356e-10	3.337071939e-11	-3.337071939e-11
8107.038	10.282	-17.298	1.342840977e-10	3.016845249e-11	-3.016845249e-11
8133.859	23.578	-16.539	9.28166292e-11	2.081958117e-11	-2.081958117e-11
8180.647	21.922	-23.21	8.6370033e-11	1.89605031e-11	-1.89605031e-11
8221.116	16.556	-18.547	1.054429692e-10	2.376367485e-11	-2.376367485e-11
8262.983	19.820	-25.312	8.19174384e-11	1.843266189e-11	-1.843266189e-11
8313.260	19.690	-30.456	7.39478328e-11	1.674482046e-11	-1.674482046e-11
8345.358	12.664	-12.409	1.482620352e-10	3.330875355e-11	-3.330875355e-11
8375.316	22.824	-17.293	9.21286575e-11	2.069775642e-11	-2.069775642e-11
8413.427	19.792	-15.287	1.059642915e-10	2.380608777e-11	-2.380608777e-11
11779.228	21.805	-40.879	6.19297974e-11	1.361872308e-11	-1.361872308e-11
11833.997	19.690	-32.964	7.03911597e-11	1.584208668e-11	-1.584208668e-11
11884.140	24.708	-30.453	6.7735323e-11	1.519506867e-11	-1.519506867e-11
11928.959	22.513	-20.111	9.00394059e-11	1.973911851e-11	-1.973911851e-11
11977.540	21.572	-26.067	7.80667095e-11	1.754107617e-11	-1.754107617e-11
12030.069	21.696	-30.958	7.0319265e-11	1.58516193e-11	-1.58516193e-11
12089.729	44.779	-37.963	4.40244357e-11	1.005481479e-11	-1.005481479e-11
12162.581	22.073	-28.074	7.41710226e-11	1.671989544e-11	-1.671989544e-11
12209.090	28.218	-24.436	6.98574549e-11	1.57988508e-11	-1.57988508e-11
12264.422	23.033	-27.114	8.05342941e-11	1.737362286e-11	-1.737362286e-11
12315.899	26.716	-28.445	6.71732337e-11	1.514242971e-11	-1.514242971e-11
12379.194	31.119	-36.579	5.72174751e-11	1.266078621e-11	-1.266078621e-11
12445.702	29.802	-35.389	5.97879678e-11	1.318851693e-11	-1.318851693e-11
12487.381	18.211	-11.877	1.291708491e-10	2.827420431e-11	-2.827420431e-11
12538.299	29.976	-32.707	5.93497416e-11	1.333549149e-11	-1.333549149e-11
12607.718	28.255	-39.443	5.72998092e-11	1.263965976e-11	-1.263965976e-11
12659.653	26.466	-23.681	7.447788e-11	1.673468586e-11	-1.673468586e-11
12724.969	23.834	-38.849	6.22430556e-11	1.373008557e-11	-1.373008557e-11
12777.375	31.603	-28.572	6.21785904e-11	1.39485243e-11	-1.39485243e-11
12843.064	36.119	-34.086	5.28130389e-11	1.192467897e-11	-1.192467897e-11
12924.032	45.414	-44.849	4.06805892e-11	9.21527367e-12	-9.21527367e-12
13003.282	33.862	-33.836	5.45339397e-11	1.231323801e-11	-1.231323801e-11
13062.834	31.979	-25.69	6.43014081e-11	1.444809912e-11	-1.444809912e-11
13120.882	21.570	-26.07	7.76148816e-11	1.752469317e-11	-1.752469317e-11
13182.917	39.769	-40.465	4.61403192e-11	1.040111331e-11	-1.040111331e-11
13256.048	24.307	-33.361	6.74223315e-11	1.487257122e-11	-1.487257122e-11
13313.557	39.510	-33.203	5.09048766e-11	1.143798576e-11	-1.143798576e-11
13384.644	36.121	-31.577	5.42383599e-11	1.236723714e-11	-1.236723714e-11
13445.575	27.843	-24.811	7.02140709e-11	1.585366146e-11	-1.585366146e-11
13503.370	30.224	-29.952	6.0878466e-11	1.379065314e-11	-1.379065314e-11
13560.165	23.575	-26.571	7.35534978e-11	1.658068947e-11	-1.658068947e-11
13611.935	36.995	-28.195	5.61725826e-11	1.268323092e-11	-1.268323092e-11
13690.282	36.375	-41.351	4.75781751e-11	1.069050186e-11	-1.069050186e-11
13784.656	44.801	-57.999	3.564584565e-11	8.07476922e-12	-8.07476922e-12
13889.722	40.028	-60.265	3.97260318e-11	8.65992426e-12	-8.65992426e-12
13956.441	38.499	-26.691	5.67937269e-11	1.271996313e-11	-1.271996313e-11
14026.959	20.635	-32.019	7.65339465e-11	1.651063119e-11	-1.651063119e-11
14078.923	31.354	-31.329	5.85484986e-11	1.326285765e-11	-1.326285765e-11
14164.158	43.882	-53.881	5.26029555e-11	1.006853079e-11	-1.006853079e-11
17533.181	23.197	-16.92	5.07343791e-11	1.134455313e-11	-1.134455313e-11
17593.851	42.762	-37.473	2.793075186e-11	6.01458411e-12	-6.01458411e-12
17666.818	27.464	-30.205	3.48623001e-11	7.90648533e-12	-7.90648533e-12
17729.247	40.254	-34.966	2.716602009e-11	6.12227757e-12	-6.12227757e-12
17801.741	30.443	-32.24	3.602506638e-11	7.74651105e-12	-7.74651105e-12
17862.260	40.129	-30.076	2.900650536e-11	6.54735546e-12	-6.54735546e-12
17938.359	31.729	-35.969	2.993952102e-11	6.71564316e-12	-6.71564316e-12
18006.553	26.217	-36.466	3.369736974e-11	7.43067348e-12	-7.43067348e-12
18050.943	29.466	-18.173	4.2379392e-11	9.55083942e-12	-9.55083942e-12
18103.848	21.694	-23.438	4.50004053e-11	1.009390158e-11	-1.009390158e-11
18156.997	31.227	-31.456	3.232181115e-11	7.28421708e-12	-7.28421708e-12
18223.693	32.230	-35.468	2.993817228e-11	6.74702613e-12	-6.74702613e-12
18281.367	22.195	-25.445	4.26675042e-11	9.58562091e-12	-9.58562091e-12
18332.033	19.168	-28.471	4.44277623e-11	9.72383628e-12	-9.72383628e-12
18390.174	31.231	-38.974	2.872687041e-11	6.46387455e-12	-6.46387455e-12
18460.634	30.976	-39.229	2.869917171e-11	6.49845792e-12	-6.49845792e-12
18524.948	31.853	-33.338	3.081774126e-11	6.945249e-12	-6.945249e-12
18589.690	22.272	-32.889	3.90323832e-11	8.54295726e-12	-8.54295726e-12
18635.301	16.778	-23.339	5.34983055e-11	1.172657802e-11	-1.172657802e-11
18677.021	25.205	-24.942	4.09374975e-11	9.19696281e-12	-9.19696281e-12
18720.276	17.052	-18.051	5.81700894e-11	1.302755586e-11	-1.302755586e-11
18785.946	51.675	-48.618	2.010946575e-11	4.53197595e-12	-4.53197595e-12
18860.679	39.625	-23.058	3.266531313e-11	7.36162866e-12	-7.36162866e-12
18932.888	27.591	-32.584	3.44656791e-11	7.74301347e-12	-7.74301347e-12
18988.301	32.354	-27.821	3.403604826e-11	7.63452372e-12	-7.63452372e-12
19059.747	28.606	-39.092	3.174754128e-11	6.99021843e-12	-6.99021843e-12
19114.172	31.849	-25.819	3.536426379e-11	7.93245048e-12	-7.93245048e-12
19186.541	27.178	-40.52	3.187634595e-11	6.98714376e-12	-6.98714376e-12
19241.114	25.258	-27.395	4.08034617e-11	8.91730119e-12	-8.91730119e-12
19290.307	21.197	-23.935	4.77643317e-11	1.046971998e-11	-1.046971998e-11
19333.646	25.497	-22.142	4.52812023e-11	9.94027095e-12	-9.94027095e-12
19390.605	23.700	-31.461	3.725303319e-11	8.35611486e-12	-8.35611486e-12
19436.114	25.829	-21.81	4.30564671e-11	9.68819754e-12	-9.68819754e-12
19507.561	37.123	-45.618	2.452724076e-11	5.57139348e-12	-5.57139348e-12
19577.650	22.196	-32.965	3.699347694e-11	8.37656694e-12	-8.37656694e-12
19624.035	25.957	-24.189	4.10947743e-11	9.2467938e-12	-9.2467938e-12
19681.325	36.364	-31.333	3.031798737e-11	6.81119796e-12	-6.81119796e-12
19740.124	30.219	-22.434	3.89009763e-11	8.73943896e-12	-8.73943896e-12
19803.707	26.811	-33.364	3.554412627e-11	7.81443573e-12	-7.81443573e-12
19865.737	24.957	-35.218	3.410489115e-11	7.66195953e-12	-7.66195953e-12
19931.550	54.402	-40.855	3.740927748e-11	6.39171696e-12	-6.39171696e-12
23322.623	30.470	-27.198	2.671271391e-11	6.00431235e-12	-6.00431235e-12
23382.994	30.275	-29.901	2.72424144e-11	5.98422984e-12	-5.98422984e-12
23451.050	24.902	-37.781	2.534693178e-11	5.58638583e-12	-5.58638583e-12
23523.829	37.373	-47.877	1.761127542e-11	3.98628108e-12	-3.98628108e-12
23587.397	23.951	-26.196	3.040274463e-11	6.84564036e-12	-6.84564036e-12
23642.430	36.616	-31.082	2.237249526e-11	5.02874661e-12	-5.02874661e-12
23697.095	27.082	-18.049	3.391114122e-11	7.59590556e-12	-7.59590556e-12
23754.260	27.586	-30.082	2.621641569e-11	5.89275936e-12	-5.89275936e-12
23816.762	27.768	-34.916	2.530475889e-11	5.54938692e-12	-5.54938692e-12
23866.843	15.296	-22.314	4.01581239e-11	9.04220823e-12	-9.04220823e-12
23904.953	17.304	-22.814	3.749744088e-11	8.44312002e-12	-8.44312002e-12
23956.471	46.020	-34.215	1.88775213e-11	4.2579798e-12	-4.2579798e-12
24040.708	52.047	-38.217	1.666078329e-11	3.777751779e-12	-3.777751779e-12
24118.073	27.335	-25.319	2.855724159e-11	6.47521692e-12	-6.47521692e-12
24184.383	28.722	-38.975	2.376656664e-11	5.20344273e-12	-5.20344273e-12
24245.318	27.963	-32.213	2.525175036e-11	5.6858154e-12	-5.6858154e-12
24313.634	47.404	-40.353	1.733374359e-11	3.90295638e-12	-3.90295638e-12
24388.236	35.485	-27.198	2.433674076e-11	5.47025703e-12	-5.47025703e-12
24468.962	40.007	-45.242	1.773410601e-11	4.00706463e-12	-4.00706463e-12
24534.163	29.967	-25.194	2.746923132e-11	6.1851159e-12	-6.1851159e-12
24602.985	36.365	-38.854	2.021658009e-11	4.55206989e-12	-4.55206989e-12
24670.684	38.871	-31.334	2.165522085e-11	4.88451144e-12	-4.88451144e-12
24739.383	32.855	-29.828	2.414064768e-11	5.46419151e-12	-5.46419151e-12
24824.332	50.707	-52.093	1.530137529e-11	3.406380411e-12	-3.406380411e-12
24913.294	39.471	-38.256	2.047919577e-11	4.5135546e-12	-4.5135546e-12
24972.194	23.196	-19.428	3.581887299e-11	8.03716071e-12	-8.03716071e-12
25030.609	29.971	-35.22	2.342772048e-11	5.26593435e-12	-5.26593435e-12
25107.740	53.132	-47.161	1.654272282e-11	3.566185146e-12	-3.566185146e-12
25193.459	40.125	-32.587	2.084497863e-11	4.75989015e-12	-4.75989015e-12
25265.048	23.697	-31.463	2.727026931e-11	6.1834014e-12	-6.1834014e-12
25314.690	29.216	-25.945	2.753634066e-11	6.17869605e-12	-6.17869605e-12
25367.723	18.808	-23.816	3.556052451e-11	7.99306758e-12	-7.99306758e-12
25426.763	32.480	-40.232	2.091287283e-11	4.7006637e-12	-4.7006637e-12
25484.563	24.826	-25.32	3.042246138e-11	6.85007901e-12	-6.85007901e-12
25549.123	27.964	-39.734	2.274371118e-11	5.11218561e-12	-5.11218561e-12
25619.403	30.396	-42.316	2.180272119e-11	4.82129973e-12	-4.82129973e-12
25715.996	49.119	-66.197	2.171309475e-11	3.803697879e-12	-3.803697879e-12
29112.933	34.234	-30.957	2.476402845e-11	5.55730791e-12	-5.55730791e-12
29200.558	49.409	-53.391	1.568213526e-11	3.527686239e-12	-3.527686239e-12
29293.238	31.949	-43.271	2.320916745e-11	5.09943735e-12	-5.09943735e-12
29353.390	39.495	-28.203	2.46672735e-11	5.54888781e-12	-5.54888781e-12
29424.578	33.497	-31.694	2.664055632e-11	5.86007718e-12	-5.86007718e-12
29484.271	28.965	-26.196	3.063588996e-11	6.87501165e-12	-6.87501165e-12
29551.465	42.006	-38.229	2.072516937e-11	4.67333457e-12	-4.67333457e-12
29632.575	33.608	-39.104	2.313404568e-11	5.21024358e-12	-5.21024358e-12
29684.859	28.963	-18.676	3.463096833e-11	7.77155037e-12	-7.77155037e-12
29787.643	46.531	-73.821	1.395585474e-11	3.158320455e-12	-3.158320455e-12
29875.037	39.372	-40.863	2.1245322e-11	4.7619666e-12	-4.7619666e-12
29972.064	47.652	-57.655	1.587095505e-11	3.583067256e-12	-3.583067256e-12
30059.328	25.578	-39.613	2.534150253e-11	5.68689744e-12	-5.68689744e-12
30136.671	41.006	-51.765	1.793970885e-11	4.02585936e-12	-4.02585936e-12
30238.364	77.216	-60.687	1.248196767e-11	2.739359901e-12	-2.739359901e-12
30371.984	38.874	-56.405	1.709415174e-11	3.85457319e-12	-3.85457319e-12
30448.578	60.065	-37.72	1.678636851e-11	3.789733467e-12	-3.789733467e-12
30563.534	60.446	-54.891	1.415680557e-11	3.192230598e-12	-3.192230598e-12
30696.617	40.193	-72.637	1.524408051e-11	3.353214147e-12	-3.353214147e-12
30800.231	44.393	-63.422	1.500353997e-11	3.395420184e-12	-3.395420184e-12
30926.196	73.881	-81.572	1.087681086e-11	2.411896878e-12	-2.411896878e-12
31051.212	56.680	-51.135	1.507358301e-11	3.394869639e-12	-3.394869639e-12
31150.506	45.142	-42.614	1.896245763e-11	4.26047916e-12	-4.26047916e-12
31245.521	62.955	-49.874	1.457404248e-11	3.290273328e-12	-3.290273328e-12
31378.724	50.104	-70.247	1.443120177e-11	3.174407037e-12	-3.174407037e-12
31477.952	63.686	-49.124	2.196719127e-11	4.03633686e-12	-4.03633686e-12
34910.244	87.418	-85.588	1.115736402e-11	2.516619681e-12	-2.516619681e-12
35050.960	36.967	-53.297	2.551714353e-11	5.57968023e-12	-5.57968023e-12
35178.339	67.548	-90.413	1.457792868e-11	3.207333819e-12	-3.207333819e-12
35310.064	48.653	-64.177	1.943130861e-11	4.38251727e-12	-4.38251727e-12
35415.862	68.221	-57.145	1.006882797e-11	2.268776133e-12	-2.268776133e-12
35554.159	47.769	-70.076	1.06861356e-11	2.294211693e-12	-2.294211693e-12
35652.196	24.952	-50.268	1.516624983e-11	3.398689164e-12	-3.398689164e-12
35726.511	33.378	-49.364	1.455122058e-11	3.191910939e-12	-3.191910939e-12
35821.432	43.765	-61.543	1.069941345e-11	2.416173222e-12	-2.416173222e-12
35918.962	66.586	-53.766	1.162519011e-11	2.627973027e-12	-2.627973027e-12
36060.992	59.952	-75.443	1.642012845e-11	3.711396819e-12	-3.711396819e-12
36223.790	132.841	-102.847	9.39757455e-12	2.126409387e-12	-2.126409387e-12
36463.508	98.723	-106.877	1.000028226e-11	2.262785289e-12	-2.262785289e-12
36620.130	67.468	-57.898	8.91227199e-12	2.017037241e-12	-2.017037241e-12
36739.111	46.272	-51.513	1.151649843e-11	2.589285144e-12	-2.589285144e-12
36880.113	90.811	-94.73	1.056432228e-11	2.390459151e-12	-2.390459151e-12
37029.575	71.730	-58.651	1.68106344e-11	3.795553242e-12	-3.795553242e-12
37219.740	99.698	-118.435	1.404206361e-11	2.682425928e-12	-2.682425928e-12
40754.924	67.468	-75.45	8.91269109e-12	2.005965381e-12	-2.005965381e-12
40890.955	46.773	-68.564	1.002301272e-11	2.25095943e-12	-2.25095943e-12
41000.770	59.817	-63.042	9.38258982e-12	2.116335747e-12	-2.116335747e-12
41117.934	73.035	-57.346	9.37542321e-12	2.062896306e-12	-2.062896306e-12
41251.003	57.810	-60.034	9.90761925e-12	2.23965135e-12	-2.23965135e-12
41380.263	53.916	-71.45	9.21472503e-12	2.078472348e-12	-2.078472348e-12
41556.789	123.108	-122.61	1.90024512e-11	4.2067353e-12	-4.2067353e-12
41787.441	62.953	-107.544	8.1535143e-12	1.833065295e-12	-1.833065295e-12
41981.234	89.804	-130.84	8.54607384e-12	1.950456729e-12	-1.950456729e-12
42134.085	57.305	-63.046	9.72824445e-12	2.182387812e-12	-2.182387812e-12
42244.410	44.765	-53.02	1.190660814e-11	2.68272387e-12	-2.68272387e-12
42340.937	61.067	-51.762	1.032402177e-11	2.321082861e-12	-2.321082861e-12
42463.303	56.546	-61.298	1.031894685e-11	2.258763834e-12	-2.258763834e-12
42585.273	69.971	-65.424	8.53175967e-12	1.92232407e-12	-1.92232407e-12
42715.407	50.159	-60.163	1.047945834e-11	2.356028943e-12	-2.356028943e-12
42830.558	57.866	-64.992	9.95309541e-12	2.178681444e-12	-2.178681444e-12
43006.439	92.592	-118.015	9.34498131e-12	1.613954481e-12	-1.613954481e-12
46463.497	35.357	-44.877	1.155192e-11	2.586273339e-12	-2.586273339e-12
46559.200	44.962	-60.346	9.20973393e-12	2.019204369e-12	-2.019204369e-12
46648.535	43.384	-44.373	1.049773872e-11	2.36484414e-12	-2.36484414e-12
46737.044	40.124	-45.125	1.130173254e-11	2.533385967e-12	-2.533385967e-12
46834.947	62.572	-57.78	1.349199867e-11	3.031543467e-12	-3.031543467e-12
46979.870	45.523	-82.351	7.77672054e-12	1.743137103e-12	-1.743137103e-12
47073.400	37.242	-48.007	1.082711322e-11	2.442073221e-12	-2.442073221e-12
47166.418	62.068	-55.776	7.81739229e-12	1.761037626e-12	-1.761037626e-12
47312.685	146.475	-84.199	1.41097635e-11	3.190912338e-12	-3.190912338e-12
47592.264	77.511	-133.104	9.56269995e-12	2.168943084e-12	-2.168943084e-12
47708.005	49.526	-38.23	1.056940482e-11	2.372157435e-12	-2.372157435e-12
47826.592	58.813	-69.061	7.18660107e-12	1.622965512e-12	-1.622965512e-12
47923.259	42.379	-37.855	1.152376029e-11	2.586349158e-12	-2.586349158e-12
48002.366	38.492	-36.728	1.229242398e-11	2.758864815e-12	-2.758864815e-12
48096.636	54.544	-55.778	8.39175741e-12	1.88108844e-12	-1.88108844e-12
48193.171	43.257	-41.991	1.085912484e-11	2.434171662e-12	-2.434171662e-12
48279.794	56.927	-43.365	9.14032335e-12	2.069326824e-12	-2.069326824e-12
48378.841	33.100	-42.119	1.230692865e-11	2.758709367e-12	-2.758709367e-12
48453.424	58.810	-41.483	9.19626558e-12	2.069090985e-12	-2.069090985e-12
48559.110	48.401	-46.877	9.73525866e-12	2.184944322e-12	-2.184944322e-12
48656.272	54.039	-48.761	8.93937252e-12	2.018797842e-12	-2.018797842e-12
48783.577	94.716	-73.265	1.016652018e-11	1.68031668e-12	-1.68031668e-12
52214.915	70.519	-67.384	7.67242179e-12	1.689253035e-12	-1.689253035e-12
52338.577	59.687	-53.143	1.087686039e-11	2.460161577e-12	-2.460161577e-12
52488.007	60.696	-89.743	1.685427414e-11	3.79523625e-12	-3.79523625e-12
52616.138	57.932	-67.435	1.110434406e-11	2.498434932e-12	-2.498434932e-12
52718.318	51.030	-44.248	1.051363404e-11	2.370557235e-12	-2.370557235e-12
52830.767	46.396	-61.419	9.24992181e-12	2.085622194e-12	-2.085622194e-12
52941.967	48.026	-64.803	8.94653532e-12	2.010918e-12	-2.010918e-12
53032.863	39.872	-42.87	1.228620987e-11	2.752981413e-12	-2.752981413e-12
53119.112	51.409	-46.377	1.036484211e-11	2.324871906e-12	-2.324871906e-12
53214.646	26.080	-44.125	1.4445615e-11	3.236841507e-12	-3.236841507e-12
53319.803	101.450	-79.077	5.58137949e-12	1.258459383e-12	-1.258459383e-12
53498.837	65.333	-77.584	1.288522569e-11	2.892995484e-12	-2.892995484e-12
53645.397	71.720	-81.226	7.58206002e-12	1.666003272e-12	-1.666003272e-12
53778.536	53.918	-61.419	8.88138432e-12	1.994198196e-12	-1.994198196e-12
53905.376	62.473	-72.923	8.26151637e-12	1.776410976e-12	-1.776410976e-12
54038.294	49.906	-70.445	8.51083896e-12	1.912986141e-12	-1.912986141e-12
54137.801	48.185	-49.601	1.097444973e-11	2.399554383e-12	-2.399554383e-12
54253.921	54.923	-67.935	8.21024901e-12	1.845422268e-12	-1.845422268e-12
54378.282	75.986	-69.438	6.95833635e-12	1.572211359e-12	-1.572211359e-12
54547.501	109.860	-93.232	9.44505096e-12	1.651390398e-12	-1.651390398e-12
58020.216	56.300	-54.023	8.2537935e-12	1.856952852e-12	-1.856952852e-12
58126.528	50.281	-50.012	9.24691191e-12	2.077830744e-12	-2.077830744e-12
58280.097	57.181	-103.288	5.73631314e-12	1.290565491e-12	-1.290565491e-12
58412.979	74.739	-75.701	6.14728641e-12	1.383026571e-12	-1.383026571e-12
58600.776	67.470	-113.058	5.09962404e-12	1.154418951e-12	-1.154418951e-12
58745.824	72.861	-77.579	6.12917748e-12	1.387482747e-12	-1.387482747e-12
58903.415	78.246	-84.73	5.69205618e-12	1.280608818e-12	-1.280608818e-12
59070.295	51.776	-88.634	9.04828518e-12	1.999897956e-12	-1.999897956e-12
59324.755	75.629	-202.684	7.765542e-12	1.750273233e-12	-1.750273233e-12
59446.890	31.221	-46.505	1.192891188e-11	2.693723721e-12	-2.693723721e-12
59530.629	50.282	-52.518	8.92570224e-12	2.018045367e-12	-2.018045367e-12
59673.773	65.099	-92.862	7.08670287e-12	1.458451236e-12	-1.458451236e-12
64088.132	223.595	-155.012	5.54700948e-12	1.259113941e-12	-1.259113941e-12
64550.568	272.644	-238.841	7.62976503e-12	1.26311406e-12	-1.26311406e-12
69779.661	71.598	-86.363	5.79286116e-12	1.299755211e-12	-1.299755211e-12
69925.456	76.242	-74.197	6.14406696e-12	1.386461286e-12	-1.386461286e-12
70096.465	60.688	-94.766	5.94420198e-12	1.345990704e-12	-1.345990704e-12
70243.880	116.366	-86.727	4.5284898e-12	1.025420733e-12	-1.025420733e-12
70454.110	101.708	-93.864	6.47578842e-12	1.456306587e-12	-1.456306587e-12
70643.688	67.584	-87.87	6.99977772e-12	1.581256299e-12	-1.581256299e-12
70822.947	93.926	-111.675	4.43105667e-12	9.95339259e-13	-9.95339259e-13
71033.932	101.077	-117.06	6.06832797e-12	1.37073894e-12	-1.37073894e-12
71246.478	116.696	-111.468	6.15630849e-12	1.117173534e-12	-1.117173534e-12
76457.768	125.595	-120.123	3.653705418e-12	8.51422605e-13	-8.51422605e-13
76680.204	98.730	-96.841	3.600230544e-12	9.38797335e-13	-9.38797335e-13
76915.178	96.937	-136.244	4.02484971e-12	9.0762582e-13	-9.0762582e-13
77096.219	68.842	-84.104	6.44571228e-12	1.417939887e-12	-1.417939887e-12
77238.885	79.122	-73.824	6.14506899e-12	1.382812068e-12	-1.382812068e-12
77472.150	191.857	-154.143	4.88603163e-12	8.23000386e-13	-8.23000386e-13
81397.380	139.189	-124.08	3.761276958e-12	8.70335445e-13	-8.70335445e-13
81660.065	134.759	-123.496	3.45205812e-12	8.45322414e-13	-8.45322414e-13
81879.928	138.048	-85.104	4.6733841e-12	1.054275006e-12	-1.054275006e-12
82107.476	73.476	-89.5	6.45236073e-12	1.452621555e-12	-1.452621555e-12
82274.825	114.235	-93.873	4.99803039e-12	1.13214912e-12	-1.13214912e-12
82529.948	94.799	-140.889	4.44213615e-12	1.000059087e-12	-1.000059087e-12
82785.427	157.735	-160.679	4.92692436e-12	9.05657574e-13	-9.05657574e-13
87938.111	117.369	-115.812	4.06620726e-12	9.15203148e-13	-9.15203148e-13
88129.689	63.694	-74.209	6.8750688e-12	1.539544038e-12	-1.539544038e-12
88312.295	89.195	-118.913	3.364006353e-12	8.83093611e-13	-8.83093611e-13
88502.767	101.816	-101.277	4.62779745e-12	1.045417137e-12	-1.045417137e-12
88726.666	106.084	-122.082	3.081718119e-12	8.05821858e-13	-8.05821858e-13
88984.775	198.987	-152.026	3.625168137e-12	7.02568572e-13	-7.02568572e-13
93668.378	111.590	-86.489	4.8865536e-12	1.096626966e-12	-1.096626966e-12
93902.228	68.296	-122.261	3.738578121e-12	9.74682582e-13	-9.74682582e-13
94063.745	155.005	-93.22	3.069577935e-12	7.75798677e-13	-7.75798677e-13
94367.080	102.401	-148.331	2.838593256e-12	7.40768013e-13	-7.40768013e-13
94631.653	156.258	-162.172	2.239915764e-12	5.84535534e-13	-5.84535534e-13
94884.920	118.609	-97.009	4.45028574e-12	9.97997496e-13	-9.97997496e-13
99518.690	101.566	-116.571	3.481734591e-12	9.04517241e-13	-9.04517241e-13
99733.481	109.927	-113.225	3.4310955e-12	8.97812403e-13	-8.97812403e-13
99959.819	106.740	-116.412	3.650737809e-12	9.22388808e-13	-9.22388808e-13
100298.439	121.652	-231.88	2.308782276e-12	5.8502931e-13	-5.8502931e-13
100541.509	101.724	-121.418	3.413890683e-12	8.89631571e-13	-8.89631571e-13
106373.727	149.898	-186.08	2.723831865e-12	6.32365893e-13	-6.32365893e-13
112170.791	173.834	-282.495	3.037061109e-12	5.71816611e-13	-5.71816611e-13
117778.431	74.813	-130.786	3.471276522e-12	9.04013559e-13	-9.04013559e-13
117986.627	117.347	-133.382	3.218673141e-12	7.8732888e-13	-7.8732888e-13
123519.478	343.116	-291.231	1.660546209e-12	3.681444504e-13	-3.681444504e-13
128787.464	130.652	-95.007	3.29844654e-12	8.57306007e-13	-8.57306007e-13
129211.009	351.481	-292.894	1.826064039e-12	3.764919318e-13	-3.764919318e-13
134765.611	233.324	-253.095	1.72715301e-12	4.50375528e-13	-4.50375528e-13
135240.825	201.899	-241.891	1.903184535e-12	4.96277646e-13	-4.96277646e-13
139571.052	212.444	-258.932	1.99266429e-12	5.18340213e-13	-5.18340213e-13
140390.376	574.055	-606.879	1.445019843e-12	2.811771999e-13	-2.811771999e-13
145648.009	125.304	-117.906	3.142597347e-12	8.1708879e-13	-8.1708879e-13
145923.808	155.398	-150.495	2.473384944e-12	6.42745095e-13	-6.42745095e-13
146500.027	464.252	-420.821	1.652420622e-12	3.096700563e-13	-3.096700563e-13
158254.414	290.008	-376.934	1.987415634e-12	3.84963924e-13	-3.84963924e-13
163957.560	347.037	-380.08	1.886261658e-12	3.587891478e-13	-3.587891478e-13
174495.418	609.196	-762.297	9.22811337e-13	2.110634463e-13	-2.110634463e-13
179982.192	581.547	-489.07	1.475412594e-12	3.356519322e-13	-3.356519322e-13
185492.180	348.852	-215.295	1.789961622e-12	4.66057107e-13	-4.66057107e-13
186271.591	652.590	-430.559	1.067071272e-12	2.559097752e-13	-2.559097752e-13
198132.808	489.926	-450.311	1.193239422e-12	2.519517186e-13	-2.519517186e-13
204000.290	444.312	-498.432	1.143759333e-12	2.475919737e-13	-2.475919737e-13
220798.539	346.382	-415.842	1.023490587e-12	2.680253085e-13	-2.680253085e-13
221499.014	285.264	-354.093	1.401758817e-12	3.434698236e-13	-3.434698236e-13
226096.094	424.120	-373.209	9.10753068e-13	2.388239826e-13	-2.388239826e-13
226999.092	423.743	-478.877	1.291553424e-12	2.672104257e-13	-2.672104257e-13
231835.338	440.781	-379.113	1.190448597e-12	3.113322831e-13	-3.113322831e-13
232711.256	472.498	-435.137	1.429798893e-12	3.319930749e-13	-3.319930749e-13
237436.399	309.873	-219.172	1.864380828e-12	4.86129711e-13	-4.86129711e-13
238360.418	581.831	-614.146	9.89553012e-13	2.375915238e-13	-2.375915238e-13
243247.959	279.104	-214.839	1.499427024e-12	3.93687681e-13	-3.93687681e-13
246146.306	3301.028	-2619.243	9.75034626e-13	1.780913253e-13	-1.780913253e-13
258174.339	2835.619	-3561.234	8.15562885e-13	2.08821528e-13	-2.08821528e-13
270608.626	1966.088	-4475.52	1.343574021e-12	2.975915943e-13	-2.975915943e-13
279809.746	4327.594	-2096.843	6.22266345e-13	1.586242446e-13	-1.586242446e-13
292224.843	3474.193	-2931.94	6.01830267e-13	1.585574172e-13	-1.585574172e-13
304829.527	2432.164	-3973.641	1.074173112e-12	2.096220852e-13	-2.096220852e-13
356187.049	3112.620	-3356.946	8.84766582e-13	1.796104485e-13	-1.796104485e-13
372560.474	4084.232	-8150.353	5.51435778e-13	1.368694494e-13	-1.368694494e-13
384780.013	3429.628	-3029.909	6.15022392e-13	1.528176903e-13	-1.528176903e-13
409022.684	3261.614	-3738.384	2.733247899e-13	7.11598653e-14	-7.11598653e-14
417407.798	636.545	-1018.273	6.09383592e-13	1.364857824e-13	-1.364857824e-13
425741.873	3881.639	-3412.372	4.17788217e-13	8.59893378e-14	-8.59893378e-14
441470.232	5493.822	-7513.389	4.41867417e-13	9.04712313e-14	-9.04712313e-14
462578.971	25303.696	-11495.251	2.864825106e-13	5.14247511e-14	-5.14247511e-14
525167.488	13655.930	-10517.383	1.88731398e-13	5.14656324e-14	-5.14656324e-14
557867.524	28236.246	-14411.496	2.716861089e-13	5.06201553e-14	-5.06201553e-14
644795.862	4668.806	-18734.846	2.203049442e-13	4.97084985e-14	-4.97084985e-14
663564.430	8399.063	-10052.247	2.47072785e-13	5.63761509e-14	-5.63761509e-14
737018.094	21765.001	-18956.847	9.92704644e-14	2.481559299e-14	-2.481559299e-14
802431.129	8552.701	-15116.846	1.944231189e-13	5.02474992e-14	-5.02474992e-14
826508.372	6976.238	-11251.343	1.727870052e-13	4.25402502e-14	-4.25402502e-14
863178.038	11585.311	-18761.409	1.661389362e-13	4.08212925e-14	-4.08212925e-14
906040.007	26142.234	-26930.773	9.3199077e-14	2.501194134e-14	-2.501194134e-14
947091.085	14072.556	-10605.4	1.498200966e-13	3.632211303e-14	-3.632211303e-14
1025633.444	22289.033	-13428.393	8.42970882e-14	2.168075547e-14	-2.168075547e-14
1140679.932	69002.483	-88669.823	7.27808679e-14	1.382675289e-14	-1.382675289e-14
1315840.607	49902.838	-38449.346	6.98648463e-14	1.99956039e-14	-1.99956039e-14
1426386.625	100756.023	-56536.309	4.03416135e-14	1.147139184e-14	-1.147139184e-14
1712604.261	229858.207	-180474.14	2.571484062e-14	6.40290693e-15	-6.40290693e-15
2703918.376	115804.009	-225904.677	1.682585154e-14	5.00053737e-15	-5.00053737e-15
2903176.893	89945.946	-55555.747	1.690613205e-14	8.85309126e-15	-6.85588926e-15
