READ TERR 1 2
! WT
137.799	3.048	-2.951	2.087203008e-10	4.24050642e-11	-4.22823776e-11
142.695	2.290	-1.848	3.177514204e-10	5.85556256e-11	-5.85245154e-11
146.964	2.189	-1.979	2.96014448e-10	5.60255322e-11	-5.59880496e-11
151.135	2.355	-1.981	2.833231332e-10	5.354069e-11	-5.35140548e-11
156.009	2.166	-2.52	3.75346174e-10	5.98450342e-11	-5.98172176e-11
160.524	1.803	-2.348	2.898656548e-10	5.29627348e-11	-5.2949632e-11
164.654	2.038	-2.328	2.689965818e-10	5.076261e-11	-5.07553426e-11
168.694	1.804	-2.002	3.371032894e-10	6.1459113e-11	-6.14534208e-11
172.676	2.079	-2.178	2.61368282e-10	5.45391878e-11	-5.45358226e-11
176.535	2.107	-1.78	3.248805966e-10	6.26624226e-11	-6.26581982e-11
180.784	1.889	-2.141	2.888353308e-10	5.44931848e-11	-5.44896764e-11
184.778	1.357	-2.106	3.312225666e-10	6.54954556e-11	-6.54919114e-11
187.963	2.652	-1.828	2.407563604e-10	5.02367438e-11	-5.02340946e-11
192.885	2.275	-2.271	2.4979092e-10	4.87123798e-11	-4.87092294e-11
197.729	1.902	-2.569	2.604002142e-10	4.91300226e-11	-4.91263352e-11
201.692	1.586	-2.061	3.197633446e-10	6.03329524e-11	-6.03275108e-11
205.621	2.411	-2.342	2.513245204e-10	4.59002182e-11	-4.58951704e-11
209.698	2.070	-1.666	2.822764486e-10	6.09845482e-11	-6.09794288e-11
214.543	2.676	-2.775	2.096214226e-10	4.08878244e-11	-4.08822396e-11
220.045	1.881	-2.826	2.405575272e-10	4.85263272e-11	-4.85191672e-11
224.232	2.212	-2.305	2.613141882e-10	5.09808468e-11	-5.09708228e-11
229.003	3.017	-2.559	2.0057666e-10	4.18721454e-11	-4.18638756e-11
235.930	3.318	-3.911	1.551428084e-10	3.130657732e-11	-3.129888748e-11
242.588	3.173	-3.34	1.813285394e-10	3.423782046e-11	-3.422733822e-11
247.367	2.337	-1.605	3.407244594e-10	6.02151704e-11	-6.01920078e-11
251.251	1.887	-1.547	3.444207736e-10	6.50486716e-11	-6.50245424e-11
255.924	2.981	-2.787	2.00325523e-10	3.91034808e-11	-3.909002e-11
261.134	2.458	-2.228	2.52788633e-10	4.77452428e-11	-4.77269132e-11
266.945	2.707	-3.353	1.813088136e-10	3.78676648e-11	-3.78554928e-11
272.536	1.747	-2.884	2.309862898e-10	4.99426468e-11	-4.99275034e-11
276.315	2.038	-2.032	2.841817246e-10	5.54848806e-11	-5.5462792e-11
282.378	1.907	-4.024	1.858171792e-10	3.8809706e-11	-3.87971402e-11
286.744	2.384	-2.459	2.46248152e-10	4.80690538e-11	-4.80521562e-11
291.814	1.865	-2.686	2.75170435e-10	5.03041194e-11	-5.02845368e-11
296.507	2.962	-2.829	1.962833092e-10	3.96226166e-11	-3.96091916e-11
303.288	3.750	-3.818	1.565780662e-10	2.957256852e-11	-2.95614383e-11
310.170	3.122	-3.131	1.708450822e-10	3.69355044e-11	-3.6925194e-11
315.982	2.969	-2.691	2.090408182e-10	3.94798104e-11	-3.94652756e-11
320.806	2.077	-1.855	3.004972524e-10	5.67451122e-11	-5.67260666e-11
325.973	4.293	-3.09	1.582397948e-10	3.088617434e-11	-3.087608948e-11
332.482	1.695	-2.215	3.124416002e-10	5.90126842e-11	-5.89898438e-11
336.234	1.945	-2.058	3.113467646e-10	5.69213914e-11	-5.68982646e-11
340.800	2.310	-2.62	2.105644662e-10	4.7152717e-11	-4.71409388e-11
345.407	2.359	-2.297	2.602221092e-10	4.75762668e-11	-4.7556541e-11
351.634	2.400	-3.868	1.75205737e-10	3.65897838e-11	-3.65787932e-11
357.284	1.902	-3.25	2.186951116e-10	4.4146233e-11	-4.41314118e-11
362.996	4.224	-3.81	1.32776472e-10	2.870466196e-11	-2.869681102e-11
370.261	2.880	-3.04	1.950590566e-10	3.8072763e-11	-3.80603046e-11
375.416	2.472	-2.275	2.557169298e-10	4.67471388e-11	-4.67290956e-11
381.861	3.250	-3.973	1.679890298e-10	3.172268072e-11	-3.171201232e-11
387.964	3.353	-2.853	1.960561582e-10	3.7019527e-11	-3.70079278e-11
394.618	3.698	-3.301	1.689150684e-10	3.189648614e-11	-3.188603612e-11
401.532	2.931	-3.216	1.912252346e-10	3.73263688e-11	-3.73136956e-11
408.306	3.782	-3.843	1.563650204e-10	3.052374946e-11	-3.051290206e-11
415.584	3.266	-3.496	1.70880739e-10	3.335432658e-11	-3.334322142e-11
423.295	4.197	-4.444	1.40427827e-10	2.566933032e-11	-2.56599364e-11
430.818	3.036	-3.326	1.77212327e-10	3.576941606e-11	-3.575814622e-11
437.997	4.795	-4.143	1.260688766e-10	2.544539058e-11	-2.543762198e-11
448.674	5.210	-5.881	9.1149306e-11	2.11575315e-11	-2.115255172e-11
458.716	4.241	-4.833	1.272892628e-10	2.48466678e-11	-2.48381474e-11
467.143	2.957	-4.186	1.61694996e-10	3.156003774e-11	-3.154986338e-11
474.252	4.455	-4.152	1.342427326e-10	2.620522052e-11	-2.619592684e-11
483.488	4.038	-4.781	1.311283832e-10	2.559772316e-11	-2.558853688e-11
491.368	2.489	-3.842	1.824092698e-10	3.560592104e-11	-3.559373114e-11
496.831	3.216	-2.974	1.95904939e-10	3.5816468e-11	-3.580179e-11
503.146	3.171	-3.1	1.887354878e-10	3.564493588e-11	-3.563180086e-11
NO NO NO NO NO NO
! PC_incbad
518.105	7.236	-5.301	2.250465686e-10	4.93322926e-11	-4.93322926e-11
534.834	10.566	-9.492	1.332893428e-10	2.994662124e-11	-2.994662124e-11
555.891	12.075	-10.491	1.18291255e-10	2.661927974e-11	-2.661927974e-11
580.886	9.645	-12.921	1.26839221e-10	2.772038392e-11	-2.772038392e-11
602.795	10.302	-12.264	1.19336257e-10	2.676915644e-11	-2.676915644e-11
624.553	8.602	-11.457	1.687062828e-10	3.391304644e-11	-3.391304644e-11
643.540	9.674	-10.384	1.364266758e-10	3.060282092e-11	-3.060282092e-11
662.645	10.627	-9.431	1.483675868e-10	3.181521656e-11	-3.181521656e-11
685.149	10.690	-11.876	1.197559046e-10	2.682069412e-11	-2.682069412e-11
715.485	12.948	-19.647	8.29179194e-11	1.865916048e-11	-1.865916048e-11
735.944	7.533	-7.511	2.015574726e-10	4.30341418e-11	-4.30341418e-11
762.675	13.397	-19.198	9.44892312e-11	1.992172624e-11	-1.992172624e-11
789.842	8.796	-13.769	1.185943378e-10	2.66874859e-11	-2.66874859e-11
811.800	14.418	-13.162	1.018428376e-10	2.22574865e-11	-2.22574865e-11
839.134	12.157	-12.916	1.142095538e-10	2.496019676e-11	-2.496019676e-11
867.292	14.087	-16	9.04201316e-11	2.031503578e-11	-2.031503578e-11
901.945	27.073	-20.566	5.6489894e-11	1.271201078e-11	-1.271201078e-11
947.061	17.059	-18.043	8.07868886e-11	1.773610402e-11	-1.773610402e-11
975.858	13.335	-11.738	1.131694564e-10	2.48831659e-11	-2.48831659e-11
1010.436	18.874	-21.243	6.65167222e-11	1.50162026e-11	-1.50162026e-11
1047.259	14.646	-17.949	9.01802e-11	1.933779244e-11	-1.933779244e-11
1081.271	20.752	-19.365	6.68919778e-11	1.512508114e-11	-1.512508114e-11
1130.315	16.839	-28.293	6.28256348e-11	1.375114158e-11	-1.375114158e-11
1164.802	17.455	-17.648	7.6561522e-11	1.722876432e-11	-1.722876432e-11
1198.514	13.830	-16.258	8.88591084e-11	1.999611148e-11	-1.999611148e-11
1237.318	25.172	-24.974	5.31424866e-11	1.201615544e-11	-1.201615544e-11
1288.271	19.350	-25.781	6.24474436e-11	1.377248554e-11	-1.377248554e-11
1341.455	28.850	-33.833	4.68891216e-11	1.01724268e-11	-1.01724268e-11
1406.225	21.748	-35.92	5.08914184e-11	1.089713336e-11	-1.089713336e-11
1440.740	17.320	-12.767	8.8143896e-11	1.9835169e-11	-1.9835169e-11
1494.009	29.241	-35.949	4.10587336e-11	9.29876002e-12	-9.29876002e-12
1549.173	21.717	-25.922	6.12229404e-11	1.320478346e-11	-1.320478346e-11
1600.457	30.607	-29.568	4.6522995e-11	1.029177684e-11	-1.029177684e-11
1656.952	24.259	-25.888	5.56096078e-11	1.224578022e-11	-1.224578022e-11
1705.915	25.442	-24.704	5.61726344e-11	1.23322408e-11	-1.23322408e-11
1760.362	31.171	-29.004	4.43473574e-11	9.97956146e-12	-9.97956146e-12
1817.397	29.296	-25.865	4.8117885e-11	1.082804652e-11	-1.082804652e-11
1878.079	33.805	-31.385	4.20829e-11	9.29533754e-12	-9.29533754e-12
1939.452	22.578	-27.569	5.55206806e-11	1.220762816e-11	-1.220762816e-11
1989.654	30.044	-27.624	4.57387602e-11	1.037529466e-11	-1.037529466e-11
2044.229	25.615	-24.531	5.29720786e-11	1.193941456e-11	-1.193941456e-11
2093.725	21.250	-23.881	5.950139e-11	1.334717438e-11	-1.334717438e-11
2143.880	23.749	-28.905	5.30111006e-11	1.16381504e-11	-1.16381504e-11
2189.412	20.841	-21.783	6.33211426e-11	1.418148622e-11	-1.418148622e-11
2243.150	24.772	-32.896	4.5342848e-11	1.035195306e-11	-1.035195306e-11
2298.593	21.982	-30.671	5.09768014e-11	1.145314674e-11	-1.145314674e-11
2358.961	36.834	-38.386	3.542760124e-11	8.0363303e-12	-8.0363303e-12
2432.759	30.734	-36.964	4.10184228e-11	9.10186718e-12	-9.10186718e-12
2499.863	38.849	-36.371	3.66787826e-11	8.20175136e-12	-8.20175136e-12
2578.852	42.601	-40.14	3.220723372e-11	7.32935906e-12	-7.32935906e-12
2649.745	19.348	-28.291	5.60700316e-11	1.265785612e-11	-1.265785612e-11
2700.802	46.007	-31.71	5.04390138e-11	9.4384194e-12	-9.4384194e-12
6062.740	33.384	-24.285	3.020802926e-11	6.783026e-12	-6.783026e-12
6154.592	51.853	-58.468	1.55032974e-11	3.492143936e-12	-3.492143936e-12
6253.748	70.541	-47.303	1.424242498e-11	3.221671356e-12	-3.221671356e-12
6389.631	62.530	-65.342	1.31660944e-11	2.975063414e-12	-2.975063414e-12
6484.431	32.921	-32.269	2.735654494e-11	5.99949288e-12	-5.99949288e-12
6589.861	82.944	-72.509	1.080349488e-11	2.438630486e-12	-2.438630486e-12
6719.783	38.270	-46.978	1.98507599e-11	4.48555742e-12	-4.48555742e-12
6848.044	72.984	-89.991	1.077854228e-11	2.387651644e-12	-2.387651644e-12
6988.848	62.560	-67.82	1.291248004e-11	2.920834648e-12	-2.920834648e-12
7125.256	64.054	-73.848	1.054146036e-11	2.384561746e-12	-2.384561746e-12
7227.887	34.135	-38.577	1.261636392e-11	2.836239606e-12	-2.836239606e-12
7301.094	33.640	-39.072	1.271936052e-11	2.853271456e-12	-2.853271456e-12
7368.561	33.871	-33.827	1.357758676e-11	3.055607686e-12	-3.055607686e-12
7451.514	48.703	-49.082	1.485591526e-11	3.357065166e-12	-3.357065166e-12
7564.974	48.072	-64.757	1.501229682e-11	3.3886669e-12	-3.3886669e-12
7664.520	43.804	-51.474	1.771411924e-11	4.00697586e-12	-4.00697586e-12
7797.275	101.604	-88.952	8.81219148e-12	2.016744312e-12	-2.016744312e-12
7967.467	59.285	-68.588	1.329431568e-11	2.997716938e-12	-2.997716938e-12
8094.495	55.115	-67.743	1.20958892e-11	2.741972836e-12	-2.741972836e-12
8200.447	46.948	-50.837	9.43659002e-12	2.125967964e-12	-2.125967964e-12
8351.839	165.386	-104.444	1.064630424e-11	1.975546746e-12	-1.975546746e-12
11953.606	96.429	-129.229	5.0764937e-12	1.156087968e-12	-1.156087968e-12
12104.645	55.712	-54.61	1.013308976e-11	2.290241992e-12	-2.290241992e-12
12265.324	143.256	-104.967	4.40324964e-12	1.00933983e-12	-1.00933983e-12
12482.102	71.902	-73.522	7.93042316e-12	1.746518752e-12	-1.746518752e-12
12615.116	61.747	-61.111	9.01530994e-12	2.022352382e-12	-2.022352382e-12
12814.738	127.899	-137.876	4.1060094e-12	9.37110108e-13	-9.37110108e-13
13017.909	72.659	-75.272	7.4667702e-12	1.68398188e-12	-1.68398188e-12
13190.995	125.231	-100.427	5.09997134e-12	1.137146188e-12	-1.137146188e-12
13411.796	67.405	-95.57	6.75634784e-12	1.53034081e-12	-1.53034081e-12
13591.810	87.976	-112.609	5.46230672e-12	1.249373818e-12	-1.249373818e-12
13806.114	94.316	-126.328	5.02832122e-12	1.142636834e-12	-1.142636834e-12
14077.664	222.229	-177.235	4.53157116e-12	8.80308396e-13	-8.80308396e-13
17685.765	91.469	-76.521	6.20962456e-12	1.408074144e-12	-1.408074144e-12
17856.511	86.206	-79.277	6.05985526e-12	1.366708318e-12	-1.366708318e-12
18045.614	130.282	-102.897	4.23498964e-12	9.69767226e-13	-9.69767226e-13
18303.654	87.871	-127.757	4.53644712e-12	1.037662642e-12	-1.037662642e-12
18482.012	85.025	-90.487	5.92302408e-12	1.308489284e-12	-1.308489284e-12
18669.619	87.973	-102.582	5.15636708e-12	1.171779824e-12	-1.171779824e-12
18852.664	95.484	-95.072	5.16127526e-12	1.176727742e-12	-1.176727742e-12
19040.812	95.384	-92.664	5.2301652e-12	1.195037294e-12	-1.195037294e-12
19217.532	61.580	-81.336	7.01549688e-12	1.57544702e-12	-1.57544702e-12
19386.334	90.857	-107.221	4.97617136e-12	1.143241854e-12	-1.143241854e-12
19606.015	101.847	-128.825	3.193178852e-12	8.5114858e-13	-8.5114858e-13
19918.514	188.001	-210.652	4.47274818e-12	7.63124256e-13	-7.63124256e-13
29366.673	149.565	-191.43	2.524396546e-12	6.68929086e-13	-6.68929086e-13
29727.955	126.769	-211.718	2.695261712e-12	7.14205704e-13	-7.14205704e-13
29992.904	180.248	-138.18	2.887745066e-12	7.59703208e-13	-7.59703208e-13
30306.382	162.632	-133.23	3.026035812e-12	7.99682142e-13	-7.99682142e-13
30656.777	178.305	-187.763	2.44223841e-12	6.45403474e-13	-6.45403474e-13
31025.291	110.668	-190.21	2.903860794e-12	7.66010452e-13	-7.66010452e-13
31428.877	233.608	-292.918	2.489255624e-12	5.35707262e-13	-5.35707262e-13
35357.152	409.003	-395.843	2.159084038e-12	5.7097778e-13	-5.7097778e-13
36049.290	484.102	-283.134	2.292916968e-12	6.07872902e-13	-6.07872902e-13
36995.291	456.093	-461.9	3.238273248e-12	6.80512534e-13	-6.80512534e-13
40932.891	127.745	-183.162	2.486432436e-12	6.49261282e-13	-6.49261282e-13
41240.712	153.396	-180.076	2.435609324e-12	6.15643292e-13	-6.15643292e-13
41626.769	105.825	-232.661	2.240015308e-12	5.85492532e-13	-5.85492532e-13
41929.238	197.003	-196.644	1.931731484e-12	5.04913892e-13	-5.04913892e-13
42270.692	106.280	-144.451	3.022462614e-12	7.91567356e-13	-7.91567356e-13
42498.181	154.595	-121.209	2.762428598e-12	7.1885326e-13	-7.1885326e-13
42880.534	346.407	-227.758	1.658468652e-12	3.91302234e-13	-3.91302234e-13
46715.844	173.027	-185.518	2.066785552e-12	5.39860778e-13	-5.39860778e-13
47154.540	283.431	-265.669	1.240002452e-12	3.25224742e-13	-3.25224742e-13
47559.645	151.621	-121.675	3.359813532e-12	7.58154858e-13	-7.58154858e-13
47864.012	215.829	-152.745	1.83921426e-12	4.84652882e-13	-4.84652882e-13
48282.400	203.625	-202.559	1.673286988e-12	4.39637246e-13	-4.39637246e-13
48778.441	251.663	-292.416	2.269258538e-12	4.40667212e-13	-4.40667212e-13
52562.627	173.043	-248.185	2.132288096e-12	5.57220914e-13	-5.57220914e-13
52980.223	121.513	-244.553	2.677583672e-12	6.76375128e-13	-6.76375128e-13
53389.736	256.085	-288	1.67165057e-12	4.38756924e-13	-4.38756924e-13
53890.148	189.437	-244.327	2.09454344e-12	5.4735694e-13	-5.4735694e-13
54349.885	366.551	-270.299	2.257982254e-12	4.66489394e-13	-4.66489394e-13
58249.228	116.809	-141.444	2.77599465e-12	7.24693314e-13	-7.24693314e-13
58615.347	234.600	-249.31	1.464204248e-12	3.84757994e-13	-3.84757994e-13
58952.077	208.775	-102.131	2.289827786e-12	5.98378384e-13	-5.98378384e-13
59376.206	288.614	-215.354	1.409138836e-12	3.6916602e-13	-3.6916602e-13
59814.710	241.251	-149.889	1.81236247e-12	4.75522808e-13	-4.75522808e-13
60328.274	256.724	-272.313	1.507744924e-12	3.74227066e-13	-3.74227066e-13
64085.423	192.051	-174.016	2.554588476e-12	6.65823794e-13	-6.65823794e-13
65313.621	1069.985	-1036.147	8.41104532e-13	1.648639404e-13	-1.648639404e-13
70308.081	306.532	-473.24	1.042658174e-12	2.79602833e-13	-2.79602833e-13
71417.637	726.575	-803.024	1.0370007e-12	2.02600613e-13	-2.02600613e-13
76822.699	1115.347	-940.639	4.18472286e-13	1.129408018e-13	-1.129408018e-13
82151.205	368.441	-396.287	9.62090274e-13	2.548820738e-13	-2.548820738e-13
83126.287	609.403	-606.64	1.044570968e-12	2.150064228e-13	-2.150064228e-13
87516.094	194.458	-495.051	1.167862588e-12	3.087679116e-13	-3.087679116e-13
88035.878	329.081	-325.326	1.233961202e-12	3.254476686e-13	-3.254476686e-13
88866.335	636.935	-501.376	7.27526168e-13	1.923004876e-13	-1.923004876e-13
93046.947	192.890	-238.366	1.708377074e-12	4.4982342e-13	-4.4982342e-13
93710.357	444.646	-470.521	8.0405368e-13	2.15005492e-13	-2.15005492e-13
94729.751	559.473	-574.747	7.75356042e-13	1.98493279e-13	-1.98493279e-13
98933.056	319.754	-339.668	1.02921957e-12	2.725444334e-13	-2.725444334e-13
99603.108	196.295	-350.298	1.236190826e-12	3.273518706e-13	-3.273518706e-13
100507.955	568.094	-708.552	5.91631516e-13	1.554396978e-13	-1.554396978e-13
105006.556	341.282	-629.046	7.43532706e-13	1.989076282e-13	-1.989076282e-13
105982.771	884.490	-634.933	6.22762838e-13	1.457985072e-13	-1.457985072e-13
149745.464	3358.805	-8619.982	5.20424242e-13	1.276904018e-13	-1.276904018e-13
160365.796	4317.331	-2136.248	5.66714716e-13	1.524965798e-13	-1.524965798e-13
173641.319	2562.775	-3810.352	6.74344552e-13	1.6525459e-13	-1.6525459e-13
195120.032	27041.846	-13790.299	2.54354883e-13	7.01696468e-14	-7.01696468e-14
243578.194	7505.695	-10222.54	3.457833574e-13	8.10760094e-14	-8.10760094e-14
268974.298	11089.092	-12923.568	1.952882482e-13	4.92987838e-14	-4.92987838e-14
302828.902	23792.254	-17965.173	1.538026712e-13	4.3439362e-14	-4.3439362e-14
378251.073	23611.979	-46007.819	8.44485842e-14	2.449468936e-14	-2.449468936e-14
435926.031	41117.618	-29341.742	1.067640846e-13	2.265392138e-14	-2.265392138e-14
581703.107	51278.772	-42681.563	4.5763498e-14	1.40591433e-14	-1.40591433e-14
NO NO NO NO NO NO
! PCUL_incbad
641351.869 20842.396 -3349.579 1.5036e-13 0 0
