READ TERR 1 2
! WTSLEW
74.4739375000364	0.435137538499674	-0.555826430937032	7.55821017716464e-09	9.52317210224927e-10	-9.1736988870186e-10
75.2909331340468	0.349364891664266	-0.381858095510736	1.03181692825998e-08	1.27234440396012e-09	-1.25169038237526e-09
75.9986587562419	0.314182318327809	-0.358360730530791	1.11814552150417e-08	1.38919161536249e-09	-1.35815476381108e-09
76.8376240345875	0.516055043140767	-0.524782960017831	7.25206225857786e-09	9.23321793997625e-10	-8.8324613878089e-10
77.7475826278961	0.374712410907023	-0.393903550167778	9.83415065363756e-09	1.23238839602309e-09	-1.19551027931612e-09
78.5231784875282	0.328560578221897	-0.400883448725097	1.03625341722749e-08	1.29669275752833e-09	-1.25822712503945e-09
79.4466655070413	0.581991571701678	-0.594926441291221	8.76995495952382e-09	9.78144702619496e-10	-9.10550962719698e-10
NO NO NO NO NO NO
! WT
87.4724	0.3867	-0.3855	9.93465022e-09	1.254887634e-09	-1.229926731e-09
88.1653	0.3271	-0.3062	1.223100934e-08	1.565697661e-09	-1.497528417e-09
88.8240	0.3266	-0.3316	1.182916603e-08	1.543598375e-09	-1.458565086e-09
89.4665	0.2784	-0.3158	1.290933589e-08	1.641157089e-09	-1.598844148e-09
90.1010	0.2577	-0.3561	1.225120468e-08	1.618467653e-09	-1.559499865e-09
90.6629	0.2865	-0.3042	1.273093558e-08	1.702645835e-09	-1.622169318e-09
91.1789	0.2811	-0.2295	1.728778898e-08	2.167191565e-09	-2.003668326e-09
91.8220	0.3176	-0.362	1.128722111e-08	1.499304565e-09	-1.403476822e-09
92.4409	0.2627	-0.3013	1.373575346e-08	1.733236362e-09	-1.680289732e-09
92.9550	0.2717	-0.2514	1.452107217e-08	1.856338803e-09	-1.821359188e-09
93.5306	0.2991	-0.304	1.285206285e-08	1.671320673e-09	-1.610107466e-09
94.2121	0.3934	-0.3824	9.69401554e-09	1.266376023e-09	-1.232676423e-09
94.9514	0.3675	-0.346	1.064637112e-08	1.386591613e-09	-1.337251817e-09
157.112	0.608	-0.465	8.98085386e-09	1.168032613e-09	-1.154350901e-09
158.1052	0.3444	-0.3851	1.35951024e-08	1.720233933e-09	-1.68270487e-09
158.7662	0.3150	-0.3166	1.540324874e-08	1.969817729e-09	-1.95427562e-09
159.4355	0.4605	-0.3543	1.205465217e-08	1.526138889e-09	-1.510810862e-09
160.3104	0.4378	-0.4144	1.130553611e-08	1.534032654e-09	-1.45218414e-09
161.1767	0.3757	-0.4285	1.221485551e-08	1.633170528e-09	-1.530009459e-09
162.0051	0.4885	-0.4527	1.036341658e-08	1.345341349e-09	-1.299218074e-09
162.8820	0.3997	-0.3884	1.260012171e-08	1.60371024e-09	-1.540678964e-09
163.6658	0.3614	-0.3841	1.319653137e-08	1.749743468e-09	-1.632454208e-09
164.4804	0.4132	-0.4533	1.10307989e-08	1.432936296e-09	-1.417444248e-09
165.3356	0.4582	-0.442	1.092737206e-08	1.371183407e-09	-1.353135399e-09
166.1641	0.3894	-0.3703	1.258066711e-08	1.630521365e-09	-1.61653074e-09
166.8924	0.3514	-0.3389	1.41157368e-08	1.784674243e-09	-1.768709261e-09
167.6404	0.3506	-0.3966	1.304047943e-08	1.646382969e-09	-1.633798529e-09
168.3975	0.4333	-0.4064	1.171477868e-08	1.46688905e-09	-1.45009216e-09
169.2690	0.4424	-0.4382	1.106442931e-08	1.398472757e-09	-1.386329912e-09
170.228	0.572	-0.516	8.91381282e-09	1.142904433e-09	-1.135766467e-09
171.342	0.462	-0.541	9.8036939e-09	1.224201869e-09	-1.213175832e-09
172.2029	0.3925	-0.3992	1.242486344e-08	1.554447367e-09	-1.537832813e-09
172.9930	0.3569	-0.3975	1.303758566e-08	1.652814383e-09	-1.614127812e-09
173.7108	0.4646	-0.361	1.180062312e-08	1.520512114e-09	-1.479490991e-09
174.5375	0.3263	-0.3622	1.428405572e-08	1.780219221e-09	-1.767298599e-09
175.2274	0.3784	-0.3635	1.325642549e-08	1.662467609e-09	-1.641409429e-09
176.0755	0.3611	-0.4698	1.172483158e-08	1.490402661e-09	-1.470136096e-09
176.8231	0.4462	-0.3865	1.136379002e-08	1.442471492e-09	-1.425023402e-09
177.5614	0.2896	-0.2922	1.320056881e-08	1.693574619e-09	-1.656170912e-09
178.1818	0.2581	-0.3308	1.317095549e-08	1.671724824e-09	-1.631227917e-09
178.8548	0.3217	-0.4149	1.053038833e-08	1.335911566e-09	-1.304155798e-09
179.6284	0.4234	-0.452	8.86093945e-09	1.144826694e-09	-1.098114083e-09
180.3877	0.3153	-0.3359	1.191144108e-08	1.592907239e-09	-1.475350987e-09
181.0408	0.3720	-0.3379	1.092626909e-08	1.469308665e-09	-1.353166331e-09
181.7795	0.3966	-0.3666	1.006221623e-08	1.319682034e-09	-1.263827796e-09
182.6017	0.3572	-0.4256	1.005730781e-08	1.276112684e-09	-1.236943004e-09
183.3400	0.3608	-0.3811	1.071525994e-08	1.357206213e-09	-1.301710949e-09
183.9681	0.2860	-0.2673	1.374144332e-08	1.80288383e-09	-1.748362924e-09
184.7348	0.4783	-0.4807	8.08827844e-09	1.061516236e-09	-1.001924924e-09
185.5949	0.3707	-0.3819	1.010306275e-08	1.390497592e-09	-1.284406123e-09
186.4597	0.4631	-0.494	7.863647e-09	1.11369445e-09	-1.012717343e-09
187.3586	0.4413	-0.4358	8.83535136e-09	1.131338714e-09	-1.080579709e-09
188.1091	0.2993	-0.3092	1.265013387e-08	1.642471699e-09	-1.547480341e-09
188.7986	0.4033	-0.3902	9.4157008e-09	1.246524598e-09	-1.197749311e-09
189.6755	0.3946	-0.4736	8.77857079e-09	1.112222331e-09	-1.087093337e-09
190.4662	0.3547	-0.3961	1.0251516e-08	1.275201411e-09	-1.252645064e-09
191.2067	0.4006	-0.3858	9.50105684e-09	1.283618985e-09	-1.207431841e-09
191.9252	0.3421	-0.3179	1.143345214e-08	1.495207296e-09	-1.435455626e-09
192.6744	0.3917	-0.4071	9.35306757e-09	1.213810752e-09	-1.18887142e-09
193.4103	0.3070	-0.3441	1.176583683e-08	1.493447835e-09	-1.464388849e-09
194.0626	0.4642	-0.3453	9.50819969e-09	1.215129025e-09	-1.163446944e-09
194.8889	0.4510	-0.362	9.28158616e-09	1.254643434e-09	-1.164738355e-09
195.7554	0.3566	-0.4155	9.87079192e-09	1.362225744e-09	-1.22194017e-09
196.4842	0.4071	-0.3722	9.87745044e-09	1.328336889e-09	-1.207235667e-09
197.3530	0.4705	-0.4617	8.17553517e-09	1.059024175e-09	-1.013253769e-09
198.383	0.471	-0.559	7.26844206e-09	1.004685605e-09	-9.23938433e-10
199.1499	0.3282	-0.2962	1.223252745e-08	1.602804258e-09	-1.516037963e-09
199.8183	0.3502	-0.3402	1.073840603e-08	1.449316011e-09	-1.384519169e-09
200.4576	0.3122	-0.2891	1.282806613e-08	1.627166464e-09	-1.569936566e-09
201.2253	0.3380	-0.4555	9.62688089e-09	1.234338204e-09	-1.193366735e-09
201.8900	0.2693	-0.3267	1.269062223e-08	1.650284064e-09	-1.59411318e-09
202.5638	0.3427	-0.4045	1.032377885e-08	1.310304347e-09	-1.26353557e-09
203.3501	0.4318	-0.4435	8.554733e-09	1.110830391e-09	-1.087440508e-09
204.1331	0.3907	-0.3512	1.00933558e-08	1.352249767e-09	-1.282773239e-09
204.9625	0.4278	-0.4387	8.8164747e-09	1.162531194e-09	-1.091779942e-09
205.8328	0.3562	-0.4426	9.5626278e-09	1.20942085e-09	-1.184024457e-09
206.6478	0.4343	-0.4588	8.55314163e-09	1.080771813e-09	-1.058962311e-09
207.3826	0.3080	-0.3004	1.27434142e-08	1.592882005e-09	-1.565529977e-09
208.1169	0.3672	-0.4263	9.53201326e-09	1.219486367e-09	-1.195682972e-09
208.8773	0.3647	-0.3932	1.012275748e-08	1.287252681e-09	-1.260056534e-09
209.6671	0.3506	-0.4251	9.74116649e-09	1.253216492e-09	-1.222437117e-09
210.3378	0.3471	-0.3201	1.161096112e-08	1.470471057e-09	-1.427730766e-09
211.141	0.654	-0.456	6.87422593e-09	8.94607164e-10	-8.51773263e-10
212.2027	0.3734	-0.4076	9.57827695e-09	1.337361707e-09	-1.217376886e-09
213.0481	0.4211	-0.472	8.54472894e-09	1.17402813e-09	-1.057836142e-09
213.9073	0.4693	-0.4381	8.41065093e-09	1.141235733e-09	-1.041433635e-09
214.8708	0.4595	-0.4942	8.00258459e-09	1.079536975e-09	-9.91016917e-10
215.7633	0.4583	-0.433	8.30846137e-09	1.132047708e-09	-1.070685132e-09
216.6950	0.4108	-0.4735	8.63086235e-09	1.101078671e-09	-1.069229293e-09
217.4625	0.3407	-0.3568	1.099955758e-08	1.484452321e-09	-1.369466274e-09
218.312	0.574	-0.509	7.04344025e-09	9.05740242e-10	-8.72229083e-10
219.1900	0.3532	-0.3033	1.164184428e-08	1.472246391e-09	-1.441461725e-09
219.8514	0.4266	-0.3081	1.053390074e-08	1.316406905e-09	-1.287493625e-09
220.7417	0.4063	-0.4637	8.89696302e-09	1.14837085e-09	-1.088341606e-09
221.666	0.496	-0.518	7.63265822e-09	1.028456847e-09	-9.32765042e-10
222.6650	0.4080	-0.5029	8.41424067e-09	1.065040856e-09	-1.041894766e-09
223.5103	0.4167	-0.4373	9.06370278e-09	1.133029799e-09	-1.107813707e-09
224.3053	0.4295	-0.3783	9.48918465e-09	1.201300386e-09	-1.175011035e-09
225.2415	0.3863	-0.5068	8.49722797e-09	1.100793364e-09	-1.067049808e-09
226.0597	0.5022	-0.4318	8.12496135e-09	1.048233384e-09	-1.01987688e-09
227.1243	0.4125	-0.5625	7.78394826e-09	9.96732418e-10	-9.76465446e-10
227.9590	0.3785	-0.4221	9.62341732e-09	1.243762289e-09	-1.198782277e-09
228.7997	0.4451	-0.4623	8.44723616e-09	1.092008269e-09	-1.046847956e-09
229.6902	0.4993	-0.4454	8.18542527e-09	1.018772282e-09	-1.000208605e-09
230.5302	0.3389	-0.3407	1.151023676e-08	1.45851706e-09	-1.398198846e-09
231.2580	0.4135	-0.3889	9.60565177e-09	1.300034516e-09	-1.173900739e-09
232.1643	0.3986	-0.4927	8.47802978e-09	1.177196218e-09	-1.063387622e-09
233.0014	0.3211	-0.4385	9.94741781e-09	1.32067023e-09	-1.248949504e-09
233.8468	0.3973	-0.5242	8.19990633e-09	1.057853643e-09	-1.029170318e-09
234.5419	0.3534	-0.2977	1.137412782e-08	1.494203634e-09	-1.464984697e-09
235.2696	0.3641	-0.3743	1.023509762e-08	1.315303121e-09	-1.284255533e-09
236.0074	0.3948	-0.3737	9.93043777e-09	1.261547375e-09	-1.229951558e-09
236.7098	0.3276	-0.3075	1.1779394e-08	1.52927401e-09	-1.497321254e-09
237.4641	0.4113	-0.4267	9.10791926e-09	1.150636212e-09	-1.127648852e-09
238.2853	0.4423	-0.41	8.77905105e-09	1.206574699e-09	-1.115711542e-09
239.2112	0.3508	-0.4836	8.96640536e-09	1.224030115e-09	-1.140105901e-09
NO NO NO NO NO NO
! PC_incbad
3807.475	16.617	-13.471	4.026686246e-10	8.29586065e-11	-8.29586065e-11
3835.996	13.170	-11.904	3.960059939e-10	9.04377199e-11	-9.04377199e-11
3864.955	11.790	-15.79	5.4678008e-10	1.010692518e-10	-1.010692518e-10
3893.780	18.068	-17.034	4.30906773e-10	7.94531562e-11	-7.94531562e-11
3929.843	17.108	-17.994	3.157505593e-10	6.80784016e-11	-6.80784016e-11
3960.814	16.225	-13.863	5.20028377e-10	9.43719854e-11	-9.43719854e-11
3989.066	13.046	-12.027	4.005951631e-10	9.0464704e-11	-9.0464704e-11
4018.650	16.057	-16.538	4.62352e-10	8.51104969e-11	-8.51104969e-11
4052.749	14.553	-18.042	4.62496078e-10	8.48567731e-11	-8.48567731e-11
4077.069	30.350	-9.767	3.778829351e-10	6.95612654e-11	-6.95612654e-11
4124.268	18.254	-16.848	4.44180264e-10	8.08015472e-11	-8.08015472e-11
4157.839	14.771	-15.317	5.18855403e-10	9.3933565e-11	-9.3933565e-11
4186.507	16.191	-13.897	3.500436467e-10	7.7107371e-11	-7.7107371e-11
4216.883	18.410	-14.185	4.79211568e-10	8.68257984e-11	-8.68257984e-11
4255.632	17.270	-20.339	2.815688271e-10	6.19506503e-11	-6.19506503e-11
4289.522	20.991	-16.619	4.02977212e-10	7.41194619e-11	-7.41194619e-11
4329.143	13.964	-18.631	4.65451712e-10	8.5610415e-11	-8.5610415e-11
4360.590	12.606	-17.482	3.487475552e-10	7.70949168e-11	-7.70949168e-11
4387.074	18.717	-13.878	4.03281241e-10	7.95408647e-11	-7.95408647e-11
4421.959	11.413	-16.168	3.610462812e-10	8.16347983e-11	-8.16347983e-11
4448.032	17.935	-14.66	3.09169817e-10	6.99921156e-11	-6.99921156e-11
4483.254	25.337	-17.288	2.364083106e-10	5.31891613e-11	-5.31891613e-11
4524.133	19.561	-15.542	3.892292811e-10	7.53184025e-11	-7.53184025e-11
4556.284	14.990	-12.59	3.798516755e-10	8.38715075e-11	-8.38715075e-11
4584.260	14.595	-12.985	4.005465673e-10	8.66546142e-11	-8.66546142e-11
4618.123	18.341	-19.269	2.767904436e-10	6.19214684e-11	-6.19214684e-11
4657.648	13.919	-21.183	2.978782939e-10	6.65592741e-11	-6.65592741e-11
4693.480	25.726	-21.913	2.083295434e-10	4.75772011e-11	-4.75772011e-11
4735.995	20.821	-16.789	2.673655853e-10	6.0378043e-11	-6.0378043e-11
4784.916	19.540	-28.099	2.180981132e-10	4.87912414e-11	-4.87912414e-11
4843.101	28.206	-38.645	2.497217283e-10	5.65338466e-11	-5.65338466e-11
4908.673	37.425	-37.366	2.033492065e-10	4.7634059e-11	-4.7634059e-11
4973.006	37.530	-26.908	2.730166175e-10	6.18180904e-11	-6.18180904e-11
5042.217	52.933	-31.68	1.77355541e-10	4.055133511e-11	-4.055133511e-11
5143.143	45.724	-47.994	3.024443048e-10	6.49361581e-11	-6.49361581e-11
9362.551	11.644	-13.43	1.319149678e-10	2.894396373e-11	-2.894396373e-11
9394.903	19.409	-20.708	7.91772916e-11	1.746830569e-11	-1.746830569e-11
9423.683	8.180	-9.371	1.829740946e-10	3.992821811e-11	-3.992821811e-11
9447.029	14.922	-15.166	1.022907809e-10	2.290568731e-11	-2.290568731e-11
9477.049	17.497	-15.098	9.85466658e-11	2.168190343e-11	-2.168190343e-11
9504.231	12.882	-9.684	1.481436451e-10	3.170806353e-11	-3.170806353e-11
9525.285	6.871	-8.173	2.49905326e-10	5.00957578e-11	-5.00957578e-11
9544.348	10.374	-12.192	1.463567116e-10	3.128473876e-11	-3.128473876e-11
9566.458	13.338	-11.736	1.295056092e-10	2.768270736e-11	-2.768270736e-11
9589.763	10.091	-9.968	1.557819362e-10	3.399441045e-11	-3.399441045e-11
9616.445	18.511	-16.591	1.082220733e-10	2.174396686e-11	-2.174396686e-11
9652.129	10.408	-17.173	1.071265514e-10	2.40574851e-11	-2.40574851e-11
9675.698	11.912	-13.161	1.211772903e-10	2.729129953e-11	-2.729129953e-11
9698.772	8.896	-11.162	1.611274742e-10	3.52088781e-11	-3.52088781e-11
9721.707	16.050	-14.038	1.003981088e-10	2.26114548e-11	-2.26114548e-11
9752.798	12.539	-15.041	1.110241462e-10	2.49327793e-11	-2.49327793e-11
9781.035	11.883	-15.698	1.15266063e-10	2.529095965e-11	-2.529095965e-11
9810.639	22.395	-17.722	8.12161174e-11	1.784438183e-11	-1.784438183e-11
9843.439	9.655	-10.404	1.572707829e-10	3.521720532e-11	-3.521720532e-11
9867.954	15.227	-14.861	1.059223605e-10	2.34658292e-11	-2.34658292e-11
9893.209	10.031	-10.028	1.467397393e-10	3.295345504e-11	-3.295345504e-11
9916.274	17.053	-13.035	1.014586694e-10	2.288327789e-11	-2.288327789e-11
9942.729	10.657	-9.401	1.528808402e-10	3.433256233e-11	-3.433256233e-11
9968.427	12.540	-15.04	1.084877629e-10	2.479052059e-11	-2.479052059e-11
9993.501	10.032	-12.534	1.468339598e-10	3.13458783e-11	-3.13458783e-11
10021.650	11.970	-18.118	1.124686299e-10	2.397839279e-11	-2.397839279e-11
10051.416	17.307	-17.796	8.57848552e-11	1.934816543e-11	-1.934816543e-11
10082.385	13.919	-13.662	1.090590281e-10	2.477621454e-11	-2.477621454e-11
10111.344	15.047	-15.041	9.87624165e-11	2.250241136e-11	-2.250241136e-11
10141.431	22.570	-15.04	8.19415542e-11	1.861562241e-11	-1.861562241e-11
10173.902	15.172	-9.901	1.157065591e-10	2.707289112e-11	-2.707289112e-11
10205.263	13.900	-16.188	1.164388335e-10	2.477167649e-11	-2.477167649e-11
10233.904	12.839	-14.742	1.08563587e-10	2.520025563e-11	-2.520025563e-11
10262.035	14.795	-15.293	9.70501268e-11	2.315774241e-11	-2.315774241e-11
10291.746	15.173	-14.915	9.7174913e-11	2.256812558e-11	-2.256812558e-11
10317.323	9.655	-10.404	1.436668079e-10	3.366534281e-11	-3.366534281e-11
10346.119	15.961	-19.142	8.92149291e-11	2.023016699e-11	-2.023016699e-11
10382.948	19.249	-20.868	8.25757416e-11	1.831089744e-11	-1.831089744e-11
10441.016	18.396	-38.819	1.000373847e-10	2.279222385e-11	-2.279222385e-11
10474.954	17.054	-15.541	8.86959227e-11	2.059894155e-11	-2.059894155e-11
10528.195	20.771	-36.187	1.026691281e-10	2.28081986e-11	-2.28081986e-11
10581.442	29.629	-32.476	8.96139519e-11	1.990795323e-11	-1.990795323e-11
10634.726	28.220	-23.655	1.215609692e-10	2.749655777e-11	-2.749655777e-11
10697.243	28.376	-34.298	8.75024359e-11	1.98797929e-11	-1.98797929e-11
10788.318	68.406	-62.699	6.000401e-11	1.431793847e-11	-1.431793847e-11
10938.760	98.213	-82.035	7.58886095e-11	1.346062553e-11	-1.346062553e-11
15013.555	21.066	-24.066	6.14978221e-11	1.381305904e-11	-1.381305904e-11
15063.317	44.017	-28.695	6.38101112e-11	1.40039746e-11	-1.40039746e-11
15128.760	23.706	-21.426	6.63876422e-11	1.461132849e-11	-1.461132849e-11
15175.654	16.929	-23.188	7.07951673e-11	1.587758689e-11	-1.587758689e-11
15221.085	14.122	-28.502	7.65895042e-11	1.613722033e-11	-1.613722033e-11
15256.641	21.191	-21.433	6.61221561e-11	1.491869489e-11	-1.491869489e-11
15297.133	25.831	-19.301	6.3063022e-11	1.420712458e-11	-1.420712458e-11
15340.762	17.304	-17.799	8.11135941e-11	1.824626991e-11	-1.824626991e-11
15372.480	20.689	-14.414	8.17827428e-11	1.831446276e-11	-1.831446276e-11
15413.726	17.053	-20.557	7.55421304e-11	1.701847708e-11	-1.701847708e-11
15449.577	23.826	-18.798	6.62070156e-11	1.487079506e-11	-1.487079506e-11
15494.458	26.585	-21.055	6.03862237e-11	1.36245285e-11	-1.36245285e-11
15541.972	24.201	-20.93	6.25244796e-11	1.4064699e-11	-1.4064699e-11
15586.104	15.172	-19.93	8.2254293e-11	1.847517892e-11	-1.847517892e-11
15613.809	27.585	-12.532	7.13002136e-11	1.608698025e-11	-1.608698025e-11
15657.313	16.676	-15.919	8.84499319e-11	1.986678111e-11	-1.986678111e-11
15695.179	13.913	-21.19	8.560838e-11	1.870781605e-11	-1.870781605e-11
15730.900	18.309	-21.808	7.11274014e-11	1.604798558e-11	-1.604798558e-11
15766.936	12.360	-17.728	1.004563912e-10	2.204648182e-11	-2.204648182e-11
15797.976	26.452	-18.68	6.641833e-11	1.45349061e-11	-1.45349061e-11
15840.608	18.922	-16.18	8.93265692e-11	1.912217054e-11	-1.912217054e-11
15887.230	24.955	-27.699	5.44996199e-11	1.22046683e-11	-1.22046683e-11
15937.073	17.737	-24.888	7.005284e-11	1.541801063e-11	-1.541801063e-11
15977.371	20.063	-22.561	6.63182487e-11	1.487352603e-11	-1.487352603e-11
16015.358	17.179	-17.924	8.18569389e-11	1.841348179e-11	-1.841348179e-11
16057.606	20.063	-25.069	6.23513011e-11	1.408907016e-11	-1.408907016e-11
16093.587	16.676	-15.919	8.69198968e-11	1.949395283e-11	-1.949395283e-11
16129.184	18.689	-18.921	8.06306886e-11	1.769546867e-11	-1.769546867e-11
16165.922	19.562	-18.048	7.53326068e-11	1.697127729e-11	-1.697127729e-11
16203.193	22.408	-17.709	8.24006502e-11	1.731629526e-11	-1.731629526e-11
16254.310	18.930	-28.71	6.30894363e-11	1.37867994e-11	-1.37867994e-11
16297.415	15.942	-24.175	7.44523472e-11	1.629306877e-11	-1.629306877e-11
16332.637	13.316	-19.279	9.04469995e-11	1.990658571e-11	-1.990658571e-11
16373.652	22.447	-27.7	5.70713715e-11	1.293493212e-11	-1.293493212e-11
16420.034	33.733	-23.935	4.91479362e-11	1.110560143e-11	-1.110560143e-11
16484.348	32.103	-30.581	4.52014607e-11	1.019849611e-11	-1.019849611e-11
16532.620	18.933	-16.169	8.007725e-11	1.801314031e-11	-1.801314031e-11
16567.974	18.682	-16.421	8.01715926e-11	1.803436536e-11	-1.803436536e-11
16603.190	16.061	-16.534	9.22015765e-11	2.014862047e-11	-2.014862047e-11
16657.533	24.401	-38.282	4.96133e-11	1.07227813e-11	-1.07227813e-11
16705.374	19.168	-23.439	6.68611867e-11	1.501772613e-11	-1.501772613e-11
20654.209	23.597	-21.535	6.94015179e-11	1.493322886e-11	-1.493322886e-11
20698.280	19.644	-20.474	7.32527554e-11	1.611761514e-11	-1.611761514e-11
20752.391	25.709	-34.467	4.65691435e-11	1.058067318e-11	-1.058067318e-11
20805.298	22.948	-27.199	5.70391778e-11	1.277273448e-11	-1.277273448e-11
20861.705	36.746	-33.459	4.051782273e-11	9.20579055e-12	-9.20579055e-12
20922.766	25.831	-24.316	5.73107282e-11	1.28706424e-11	-1.28706424e-11
20982.686	48.653	-34.089	3.384960392e-11	7.74737524e-12	-7.74737524e-12
21060.294	18.683	-28.956	5.90992897e-11	1.334949825e-11	-1.334949825e-11
21105.300	33.854	-26.322	4.83692231e-11	1.089408353e-11	-1.089408353e-11
21154.822	16.927	-15.669	8.86892479e-11	1.991752587e-11	-1.991752587e-11
21195.688	33.729	-23.94	5.00845653e-11	1.121539375e-11	-1.121539375e-11
21261.878	22.700	-32.461	5.24082097e-11	1.180377737e-11	-1.180377737e-11
21305.089	22.114	-20.51	7.45302877e-11	1.599455055e-11	-1.599455055e-11
21350.062	24.780	-22.86	6.33206123e-11	1.385568008e-11	-1.385568008e-11
21415.066	24.966	-40.224	4.80667407e-11	1.028825182e-11	-1.028825182e-11
21473.244	36.993	-33.212	4.040581633e-11	9.12696686e-12	-9.12696686e-12
21545.583	29.845	-35.346	4.40343475e-11	9.90339669e-12	-9.90339669e-12
21594.229	23.823	-18.801	6.66527213e-11	1.516590262e-11	-1.516590262e-11
21640.155	33.058	-22.103	5.58308762e-11	1.217391538e-11	-1.217391538e-11
21694.020	21.819	-20.806	6.44644044e-11	1.515591484e-11	-1.515591484e-11
21752.953	15.539	-37.115	5.58878969e-11	1.307508664e-11	-1.307508664e-11
21810.763	24.951	-42.271	6.12695765e-11	1.589210051e-11	-1.589210051e-11
21874.731	35.481	-39.017	5.47182196e-11	1.378959956e-11	-1.378959956e-11
22006.241	72.720	-96.029	2.567587583e-11	7.32956125e-12	-7.32956125e-12
22225.600	109.697	-146.639	5.09458587e-11	1.00160258e-11	-1.00160258e-11
26830.347	22.390	-20.235	4.43008918e-11	9.74417829e-12	-9.74417829e-12
26890.225	30.209	-37.489	2.904808247e-11	6.24009958e-12	-6.24009958e-12
26950.644	19.937	-30.209	3.517803971e-11	7.92076945e-12	-7.92076945e-12
26988.130	17.553	-17.549	5.12965706e-11	1.151801046e-11	-1.151801046e-11
27027.743	25.579	-22.06	3.777329149e-11	8.49330856e-12	-8.49330856e-12
27074.871	16.061	-21.549	5.01217244e-11	1.095186939e-11	-1.095186939e-11
27110.611	25.452	-19.679	3.923163761e-11	8.78459846e-12	-8.78459846e-12
27164.056	27.169	-27.992	3.4131834e-11	7.44817733e-12	-7.44817733e-12
27221.684	22.194	-30.459	3.468974146e-11	7.767595e-12	-7.767595e-12
27284.365	32.226	-40.486	2.473073636e-11	5.56069448e-12	-5.56069448e-12
27334.516	19.684	-17.925	4.75632003e-11	1.067972884e-11	-1.067972884e-11
27375.132	26.707	-20.932	3.745230687e-11	8.43284871e-12	-8.43284871e-12
27423.625	28.362	-21.785	3.690249464e-11	8.09539687e-12	-8.09539687e-12
27475.803	21.315	-23.817	3.989492551e-11	8.95791127e-12	-8.95791127e-12
27516.798	22.945	-19.68	4.16404956e-11	9.34985227e-12	-9.34985227e-12
27569.046	35.887	-29.303	2.842149376e-11	6.23489812e-12	-6.23489812e-12
27626.493	21.065	-21.56	4.19663805e-11	9.40997024e-12	-9.40997024e-12
27684.864	25.377	-37.306	2.921029232e-11	6.50253725e-12	-6.50253725e-12
27741.453	21.441	-31.213	3.361689353e-11	7.59037499e-12	-7.59037499e-12
27787.548	12.957	-24.653	5.03916468e-11	1.102537359e-11	-1.102537359e-11
27833.889	26.791	-33.385	3.211541355e-11	6.89902444e-12	-6.89902444e-12
27888.436	24.898	-27.755	3.481593995e-11	7.7504196e-12	-7.7504196e-12
27943.918	29.592	-30.584	2.935000728e-11	6.65480409e-12	-6.65480409e-12
28000.210	20.939	-26.7	3.746619371e-11	8.47133056e-12	-8.47133056e-12
28073.139	25.737	-51.99	2.371358638e-11	5.25072735e-12	-5.25072735e-12
28130.896	25.649	-32.019	3.307219729e-11	7.23267083e-12	-7.23267083e-12
28189.262	22.445	-32.717	3.089246402e-11	7.24807985e-12	-7.24807985e-12
28225.746	13.541	-14.04	6.4516419e-11	1.458754341e-11	-1.458754341e-11
28262.100	24.827	-22.813	3.670086277e-11	8.38021547e-12	-8.38021547e-12
28316.008	21.064	-29.082	3.490752309e-11	7.98198225e-12	-7.98198225e-12
28364.708	25.019	-27.635	3.493108839e-11	7.74487219e-12	-7.74487219e-12
28417.304	20.062	-27.578	3.660768012e-11	8.34716707e-12	-8.34716707e-12
28457.923	24.575	-20.557	3.841524445e-11	8.72246584e-12	-8.72246584e-12
28512.214	32.949	-29.717	4.37139978e-11	7.92188463e-12	-7.92188463e-12
32840.406	23.320	-24.319	4.32533552e-11	9.69877337e-12	-9.69877337e-12
32903.583	37.871	-39.856	2.721350148e-11	6.13642447e-12	-6.13642447e-12
32976.298	30.346	-34.845	3.069462539e-11	6.91167807e-12	-6.91167807e-12
33037.730	26.583	-31.086	3.490699806e-11	7.87124569e-12	-7.87124569e-12
33101.734	45.320	-37.421	2.640657514e-11	5.77772316e-12	-5.77772316e-12
33191.803	30.471	-44.749	2.682317627e-11	6.03992477e-12	-6.03992477e-12
33290.072	85.149	-67.798	1.306255918e-11	2.962146814e-12	-2.962146814e-12
33408.185	37.241	-32.964	2.893766337e-11	6.55282617e-12	-6.55282617e-12
33474.884	25.704	-29.458	3.670306871e-11	8.21850623e-12	-8.21850623e-12
33531.672	34.106	-31.085	3.063649358e-11	6.92774643e-12	-6.92774643e-12
33615.737	32.783	-49.959	2.581230223e-11	5.70078795e-12	-5.70078795e-12
33686.750	44.512	-38.23	2.498489565e-11	5.63389343e-12	-5.63389343e-12
33753.322	33.101	-22.06	3.684395583e-11	8.31970271e-12	-8.31970271e-12
33825.405	33.730	-38.983	2.742522695e-11	6.23673369e-12	-6.23673369e-12
33923.053	56.434	-63.918	1.633959701e-11	3.747614079e-12	-3.747614079e-12
34019.221	35.486	-39.734	2.656976179e-11	6.00814621e-12	-6.00814621e-12
34099.079	40.877	-44.372	2.384923134e-11	5.43121557e-12	-5.43121557e-12
34183.709	33.974	-43.753	2.774693603e-11	6.10347375e-12	-6.10347375e-12
34263.432	47.023	-45.749	2.190313235e-11	5.00221722e-12	-5.00221722e-12
34335.226	25.376	-24.771	4.4425271e-11	9.82475208e-12	-9.82475208e-12
34409.231	41.634	-48.629	2.287423435e-11	5.20917672e-12	-5.20917672e-12
34503.049	48.090	-52.184	2.236761703e-11	4.80531469e-12	-4.80531469e-12
38838.379	30.629	-24.532	3.279410233e-11	7.20047306e-12	-7.20047306e-12
38900.465	31.226	-31.457	2.922404078e-11	6.41661141e-12	-6.41661141e-12
38954.381	19.935	-22.689	4.07514041e-11	9.15657204e-12	-9.15657204e-12
39010.543	26.456	-36.227	2.766551568e-11	6.23645693e-12	-6.23645693e-12
39062.697	24.449	-25.697	3.490694922e-11	7.84335805e-12	-7.84335805e-12
39123.497	33.854	-36.351	2.43695727e-11	5.58417838e-12	-5.58417838e-12
39188.329	34.212	-30.978	2.787795747e-11	6.14002235e-12	-6.14002235e-12
39274.678	60.692	-52.137	1.515263849e-11	3.477901284e-12	-3.477901284e-12
39367.185	28.361	-31.814	2.97455543e-11	6.63354648e-12	-6.63354648e-12
39456.210	62.195	-60.664	1.387559052e-11	3.238315036e-12	-3.238315036e-12
39547.360	33.728	-28.955	2.767522263e-11	6.30005475e-12	-6.30005475e-12
39600.768	22.945	-19.68	4.09844116e-11	9.23885523e-12	-9.23885523e-12
39650.412	35.984	-26.699	2.820109512e-11	6.3987726e-12	-6.3987726e-12
39718.111	20.939	-31.715	3.32549932e-11	7.49645974e-12	-7.49645974e-12
39760.858	38.367	-21.808	2.946580692e-11	6.71868681e-12	-6.71868681e-12
39830.941	23.446	-31.715	3.116435223e-11	7.05958594e-12	-7.05958594e-12
39881.069	28.480	-26.682	3.320587644e-11	7.31347661e-12	-7.31347661e-12
39939.757	34.982	-30.209	2.681502813e-11	6.06444245e-12	-6.06444245e-12
39998.931	25.954	-24.192	3.517302954e-11	7.92882805e-12	-7.92882805e-12
40062.906	47.216	-38.021	2.156108955e-11	4.7487539e-12	-4.7487539e-12
44825.789	84.375	-76.093	1.585641068e-11	3.500402279e-12	-3.500402279e-12
44962.804	62.698	-52.639	2.17379107e-11	4.92014567e-12	-4.92014567e-12
45067.117	33.604	-41.615	3.402375922e-11	7.67746485e-12	-7.67746485e-12
45131.260	32.145	-30.538	4.35155853e-11	9.4153345e-12	-9.4153345e-12
45218.307	52.913	-54.903	2.267481656e-11	5.19033669e-12	-5.19033669e-12
45329.124	62.448	-57.904	2.074560807e-11	4.68600671e-12	-4.68600671e-12
45440.457	46.394	-48.885	2.601283927e-11	5.9178614e-12	-5.9178614e-12
45521.196	30.845	-34.345	3.672028481e-11	8.38811941e-12	-8.38811941e-12
45626.494	53.421	-74.453	1.915874356e-11	4.34522968e-12	-4.34522968e-12
45773.034	67.349	-93.12	1.484410807e-11	3.429641666e-12	-3.429641666e-12
45906.816	46.397	-66.432	2.316671269e-11	5.02650698e-12	-5.02650698e-12
46043.061	55.576	-89.848	1.792882212e-11	3.075213042e-12	-3.075213042e-12
50824.362	76.112	-54.269	1.703524548e-11	3.856226913e-12	-3.856226913e-12
50952.741	68.085	-52.267	1.832265974e-11	4.13836786e-12	-4.13836786e-12
51058.182	27.835	-37.356	3.32578829e-11	7.47814881e-12	-7.47814881e-12
51129.886	46.395	-43.869	2.413302837e-11	5.43852122e-12	-5.43852122e-12
51209.748	46.767	-33.467	2.693304999e-11	6.04251329e-12	-6.04251329e-12
51330.716	63.702	-74.201	1.591840085e-11	3.603409095e-12	-3.603409095e-12
51436.035	36.111	-41.617	2.813107891e-11	6.30428348e-12	-6.30428348e-12
51536.075	41.378	-63.929	2.177969332e-11	4.7830233e-12	-4.7830233e-12
51633.105	52.163	-55.652	2.01362029e-11	4.53781394e-12	-4.53781394e-12
51737.463	60.623	-52.194	2.40751082e-11	4.84943349e-12	-4.84943349e-12
55326.943	70.318	-110.209	1.744036921e-11	3.462358768e-12	-3.462358768e-12
60856.041	85.144	-80.339	1.36274589e-11	3.116543892e-12	-3.116543892e-12
60999.720	61.816	-58.535	1.497338348e-11	3.355730466e-12	-3.355730466e-12
61121.405	55.468	-59.869	1.001427163e-11	2.197283924e-12	-2.197283924e-12
61227.791	36.838	-50.918	2.09478016e-11	4.63107392e-12	-4.63107392e-12
61305.744	46.642	-41.115	2.048304016e-11	4.6165603e-12	-4.6165603e-12
61443.384	74.485	-90.998	1.144350097e-11	2.309769363e-12	-2.309769363e-12
66890.099	66.705	-61.168	1.43910723e-11	3.2393944e-12	-3.2393944e-12
67046.481	60.763	-89.677	1.312511101e-11	2.815232431e-12	-2.815232431e-12
67144.723	67.828	-37.479	1.683624283e-11	3.797027949e-12	-3.797027949e-12
67273.974	58.929	-61.423	1.492974087e-11	3.347894088e-12	-3.347894088e-12
67401.593	49.154	-68.691	1.512070934e-11	3.393937184e-12	-3.393937184e-12
67496.625	44.386	-45.878	1.96988e-11	4.42151776e-12	-4.42151776e-12
67613.030	45.825	-72.019	1.662510344e-11	3.550591891e-12	-3.550591891e-12
67725.790	45.885	-66.935	1.567237749e-11	3.544690798e-12	-3.544690798e-12
68073.825	108.741	-112.92	1.272691035e-11	2.86720511e-12	-2.86720511e-12
68239.975	52.914	-57.409	2.119009277e-11	4.76489959e-12	-4.76489959e-12
68333.879	44.259	-40.99	1.500795406e-11	3.372223734e-12	-3.372223734e-12
68454.884	111.304	-76.746	1.685971452e-11	3.320273033e-12	-3.320273033e-12
72376.739	47.365	-70.788	1.911366424e-11	4.30277551e-12	-4.30277551e-12
72480.749	61.199	-56.645	1.087108803e-11	2.394294716e-12	-2.394294716e-12
72647.603	97.438	-105.655	8.94939276e-12	2.022273924e-12	-2.022273924e-12
72829.022	84.010	-83.981	1.081363184e-11	2.434186007e-12	-2.434186007e-12
72960.415	57.925	-47.383	1.729479345e-11	3.878285499e-12	-3.878285499e-12
73081.013	72.723	-62.672	1.327025942e-11	2.995774782e-12	-2.995774782e-12
73216.282	65.327	-62.547	1.413473963e-11	3.187875119e-12	-3.187875119e-12
73341.150	68.333	-59.54	1.386813428e-11	3.121765702e-12	-3.121765702e-12
73475.544	59.306	-66.061	1.431086888e-11	3.212212091e-12	-3.212212091e-12
73605.548	57.175	-70.698	9.02116721e-12	2.040881964e-12	-2.040881964e-12
73719.133	43.884	-56.409	9.89371009e-12	2.231845957e-12	-2.231845957e-12
73803.131	40.120	-40.114	1.24018191e-11	2.808657753e-12	-2.808657753e-12
73952.214	76.574	-108.963	7.61178319e-12	1.447547189e-12	-1.447547189e-12
78068.511	102.823	-80.212	9.09535924e-12	2.067886007e-12	-2.067886007e-12
78245.671	38.491	-74.338	9.85804061e-12	2.227679905e-12	-2.227679905e-12
78329.164	50.277	-45.001	1.031701858e-11	2.329245534e-12	-2.329245534e-12
78455.902	78.993	-76.461	1.817894804e-11	4.09883188e-12	-4.09883188e-12
78634.548	55.801	-99.653	1.668798494e-11	3.761463882e-12	-3.761463882e-12
78740.115	40.498	-49.766	1.337295366e-11	3.009413352e-12	-3.009413352e-12
78859.584	58.932	-78.971	1.244955206e-11	2.830909257e-12	-2.830909257e-12
78985.450	60.939	-66.934	1.388380378e-11	3.117482841e-12	-3.117482841e-12
79144.793	52.036	-98.403	7.55201117e-12	1.701184705e-12	-1.701184705e-12
79250.608	44.007	-53.779	1.006759677e-11	2.263215889e-12	-2.263215889e-12
79319.185	33.098	-24.57	1.722522087e-11	3.855776771e-12	-3.855776771e-12
79393.025	39.493	-40.742	1.222273096e-11	2.744759974e-12	-2.744759974e-12
79487.801	37.489	-55.283	1.054186166e-11	2.372367184e-12	-2.372367184e-12
79585.517	47.587	-60.228	9.55253827e-12	2.099417111e-12	-2.099417111e-12
79677.481	45.881	-44.376	1.0887657e-11	2.439743185e-12	-2.439743185e-12
83806.174	60.063	-77.84	1.243346742e-11	2.798288207e-12	-2.798288207e-12
83936.803	92.410	-70.566	1.077736e-11	2.433474164e-12	-2.433474164e-12
84123.976	65.705	-94.764	1.099745746e-11	2.4858746e-12	-2.4858746e-12
84251.226	73.851	-61.545	1.317224975e-11	2.970999064e-12	-2.970999064e-12
84450.166	85.527	-125.089	8.30799332e-12	1.884097424e-12	-1.884097424e-12
84648.360	120.514	-112.667	7.36192182e-12	1.680555096e-12	-1.680555096e-12
84895.077	116.994	-126.203	1.15321822e-11	2.074925886e-12	-2.074925886e-12
113851.026	103.321	-109.801	4.75722764e-12	1.076314756e-12	-1.076314756e-12
114097.092	67.870	-142.745	3.805571693e-12	9.70272127e-13	-9.70272127e-13
114257.716	105.325	-92.754	5.12358869e-12	1.160345197e-12	-1.160345197e-12
114437.123	81.372	-74.082	6.55383146e-12	1.475530881e-12	-1.475530881e-12
114607.134	131.996	-88.639	4.82724385e-12	1.072267955e-12	-1.072267955e-12
118906.186	88.027	-162.705	2.878748851e-12	7.60853126e-13	-7.60853126e-13
119092.112	72.599	-97.899	5.70940821e-12	1.293081328e-12	-1.293081328e-12
119217.737	54.789	-53.026	9.08531448e-12	2.048087899e-12	-2.048087899e-12
119343.601	81.871	-71.076	6.38142626e-12	1.436882161e-12	-1.436882161e-12
119534.151	81.878	-108.679	5.09685693e-12	1.157054195e-12	-1.157054195e-12
119688.855	82.628	-72.827	6.33780807e-12	1.427061658e-12	-1.427061658e-12
119880.287	79.244	-108.805	5.19232692e-12	1.170498219e-12	-1.170498219e-12
120059.191	58.303	-99.659	6.22808494e-12	1.40235513e-12	-1.40235513e-12
120182.050	70.838	-64.557	7.22084748e-12	1.633486767e-12	-1.633486767e-12
120373.823	107.217	-120.934	4.94837926e-12	1.044388455e-12	-1.044388455e-12
124848.168	91.656	-108.93	4.81824508e-12	1.095810056e-12	-1.095810056e-12
125023.803	121.622	-83.979	4.69866034e-12	1.060156042e-12	-1.060156042e-12
125274.876	73.641	-129.452	3.551101455e-12	9.33628289e-13	-9.33628289e-13
125437.514	106.575	-88.996	4.92361331e-12	1.114692821e-12	-1.114692821e-12
125644.870	97.297	-100.781	4.86840783e-12	1.102195072e-12	-1.102195072e-12
125830.914	94.288	-88.747	5.25320598e-12	1.190662627e-12	-1.190662627e-12
126045.295	153.192	-120.094	6.57873579e-12	1.087465742e-12	-1.087465742e-12
130879.505	67.294	-115.74	4.01475382e-12	1.047777544e-12	-1.047777544e-12
131031.536	93.283	-84.737	5.47134577e-12	1.2347159e-12	-1.2347159e-12
131291.665	186.680	-166.846	4.82693453e-12	8.27242152e-13	-8.27242152e-13
142852.336	147.055	-148.807	3.611165294e-12	7.98671566e-13	-7.98671566e-13
222816.690	148.704	-172.233	2.434377704e-12	6.34685568e-13	-6.34685568e-13
223162.861	133.500	-197.467	2.354551573e-12	6.13873623e-13	-6.13873623e-13
223593.881	223.993	-297.52	1.597140853e-12	4.05551487e-13	-4.05551487e-13
228881.663	170.788	-257.964	1.873607406e-12	4.89935611e-13	-4.89935611e-13
229345.961	230.511	-293.511	1.93698626e-12	4.46887628e-13	-4.46887628e-13
233225.423	312.935	-323.919	1.835469064e-12	4.064678068e-13	-4.064678068e-13
238927.206	313.565	-290.699	1.323681216e-12	3.470992052e-13	-3.470992052e-13
239515.784	171.289	-275.014	1.798705161e-12	4.72752478e-13	-4.72752478e-13
239973.260	300.514	-286.186	1.604373243e-12	3.961641541e-13	-3.961641541e-13
279600.419	678.867	-722.713	1.182918638e-12	2.247322946e-13	-2.247322946e-13
284917.087	211.236	-292.735	1.53256257e-12	4.09080584e-13	-4.09080584e-13
285368.589	130.819	-240.265	2.13408415e-12	5.55479298e-13	-5.55479298e-13
285791.435	547.910	-292.028	9.33609974e-13	2.459957247e-13	-2.459957247e-13
297172.350	434.249	-585.6	1.307669836e-12	2.685717705e-13	-2.685717705e-13
303076.594	540.756	-452.135	1.270570158e-12	2.645488604e-13	-2.645488604e-13
354377.997	5311.794	-623.245	1.042984305e-12	2.745222733e-13	-2.745222733e-13
363010.173	3907.043	-3320.382	6.84262645e-13	1.234367508e-13	-1.234367508e-13
412135.272	804.216	-915.792	5.0212811e-13	1.270114318e-13	-1.270114318e-13
417308.465	789.336	-918.135	7.64466879e-13	1.613807096e-13	-1.613807096e-13
438074.781	8342.630	-4397.058	6.6835912e-13	1.088351781e-13	-1.088351781e-13
597217.086	9635.347	-8807.934	3.528388006e-13	8.14473341e-14	-8.14473341e-14
781625.227	49152.931	-21212.328	1.811066972e-13	4.92480175e-14	-4.92480175e-14
1107745.914	210891.352	-158079.583	8.194945e-14	2.168552166e-14	-2.168552166e-14
NO NO NO NO NO NO
! PCUL_incbad
1478844.533 6054.258 -12820.188 1.6348783e-13 0 0
